Iteración 0
-----------
Abiertos = (2,9)
Cerrados = 
------------------------
Iteración 1
-----------
Abiertos = (2,8), (3,9), (2,10), (1,9)
Cerrados = (2,9)
------------------------
Iteración 2
-----------
Abiertos = (3,9), (1,9), (2,10), (2,7), (3,8), (1,8)
Cerrados = (2,9), (2,8)
------------------------
Iteración 3
-----------
Abiertos = (1,9), (2,10), (3,8), (3,8), (4,9), (2,7), (3,10), (1,8)
Cerrados = (2,9), (2,8), (3,9)
------------------------
Iteración 4
-----------
Abiertos = (1,8), (2,10), (3,8), (2,7), (4,9), (3,8), (1,8), (3,10), (1,10)
Cerrados = (2,9), (2,8), (3,9), (1,9)
------------------------
Iteración 5
-----------
Abiertos = (2,10), (3,8), (4,9), (3,8), (2,7), (1,7), (3,10), (1,8), (1,10)
Cerrados = (2,9), (2,8), (3,9), (1,9), (1,8)
------------------------
Iteración 6
-----------
Abiertos = (3,10), (3,8), (4,9), (3,8), (2,7), (1,7), (1,8), (3,10), (1,10), (1,10)
Cerrados = (2,9), (2,8), (3,9), (1,9), (1,8), (2,10)
------------------------
Iteración 7
-----------
Abiertos = (3,8), (4,9), (3,8), (2,7), (1,7), (1,8), (3,10), (1,10), (1,10), (4,10)
Cerrados = (2,9), (2,8), (3,9), (1,9), (1,8), (2,10), (3,10)
------------------------
Iteración 8
-----------
Abiertos = (4,9), (3,8), (2,7), (1,7), (3,10), (1,8), (1,10), (1,10), (4,8), (3,7), (4,10)
Cerrados = (2,9), (2,8), (3,9), (1,9), (1,8), (2,10), (3,10), (3,8)
------------------------
Iteración 9
-----------
Abiertos = (3,8), (2,7), (1,7), (3,10), (1,8), (1,10), (1,10), (5,9), (3,7), (4,8), (4,8), (4,10), (4,10)
Cerrados = (2,9), (2,8), (3,9), (1,9), (1,8), (2,10), (3,10), (3,8), (4,9)
------------------------
Iteración 10
-----------
Abiertos = (1,7), (3,10), (1,8), (1,10), (1,10), (3,7), (2,6), (5,9), (4,8), (3,7), (4,8), (1,7), (4,10), (4,10)
Cerrados = (2,9), (2,8), (3,9), (1,9), (1,8), (2,10), (3,10), (3,8), (4,9), (2,7)
------------------------
Iteración 11
-----------
Abiertos = (1,6), (3,10), (1,8), (1,10), (1,10), (3,7), (2,6), (5,9), (4,8), (3,7), (4,8), (1,7), (4,10), (4,10)
Cerrados = (2,9), (2,8), (3,9), (1,9), (1,8), (2,10), (3,10), (3,8), (4,9), (2,7), (1,7)
------------------------
Iteración 12
-----------
Abiertos = (1,5), (3,10), (1,8), (1,10), (1,10), (3,7), (2,6), (3,7), (4,8), (5,9), (4,8), (2,6), (1,7), (4,10), (4,10)
Cerrados = (2,9), (2,8), (3,9), (1,9), (1,8), (2,10), (3,10), (3,8), (4,9), (2,7), (1,7), (1,6)
------------------------
Iteración 13
-----------
Abiertos = (1,4), (3,10), (1,8), (1,10), (1,10), (3,7), (2,6), (4,8), (5,9), (3,7), (4,8), (2,5), (2,6), (4,10), (1,7), (4,10)
Cerrados = (2,9), (2,8), (3,9), (1,9), (1,8), (2,10), (3,10), (3,8), (4,9), (2,7), (1,7), (1,6), (1,5)
------------------------
Iteración 14
-----------
Abiertos = (1,3), (1,8), (3,10), (1,10), (1,10), (3,7), (2,6), (4,8), (5,9), (3,7), (4,8), (2,4), (2,5), (2,6), (1,7), (4,10), (4,10)
Cerrados = (2,9), (2,8), (3,9), (1,9), (1,8), (2,10), (3,10), (3,8), (4,9), (2,7), (1,7), (1,6), (1,5), (1,4)
------------------------
Iteración 15
-----------
Abiertos = (1,2), (1,8), (3,10), (1,10), (1,10), (3,7), (2,6), (4,8), (5,9), (3,7), (4,8), (2,3), (2,4), (2,5), (2,6), (1,7), (4,10), (4,10)
Cerrados = (2,9), (2,8), (3,9), (1,9), (1,8), (2,10), (3,10), (3,8), (4,9), (2,7), (1,7), (1,6), (1,5), (1,4), (1,3)
------------------------
Iteración 16
-----------
Abiertos = (2,2), (1,8), (3,10), (1,10), (1,10), (3,7), (2,6), (4,8), (5,9), (3,7), (4,8), (2,3), (2,4), (2,5), (2,6), (4,10), (1,7), (1,1), (4,10)
Cerrados = (2,9), (2,8), (3,9), (1,9), (1,8), (2,10), (3,10), (3,8), (4,9), (2,7), (1,7), (1,6), (1,5), (1,4), (1,3), (1,2)
------------------------
Iteración 17
-----------
Abiertos = (3,2), (1,8), (3,10), (1,10), (1,10), (3,7), (2,6), (5,9), (3,7), (4,8), (4,8), (2,3), (2,4), (2,5), (2,6), (4,10), (1,7), (2,1), (1,1), (4,10), (2,3)
Cerrados = (2,9), (2,8), (3,9), (1,9), (1,8), (2,10), (3,10), (3,8), (4,9), (2,7), (1,7), (1,6), (1,5), (1,4), (1,3), (1,2), (2,2)
------------------------
Iteración 18
-----------
Abiertos = (1,8), (3,10), (1,10), (1,10), (3,7), (2,6), (5,9), (3,7), (4,8), (4,8), (4,2), (2,3), (2,4), (2,5), (2,6), (1,7), (4,10), (3,1), (3,3), (2,1), (1,1), (4,10), (2,3)
Cerrados = (2,9), (2,8), (3,9), (1,9), (1,8), (2,10), (3,10), (3,8), (4,9), (2,7), (1,7), (1,6), (1,5), (1,4), (1,3), (1,2), (2,2), (3,2)
------------------------
Iteración 19
-----------
Abiertos = (1,10), (3,7), (2,6), (5,9), (3,7), (4,8), (4,8), (4,2), (2,3), (2,4), (2,5), (2,6), (1,7), (4,10), (3,1), (3,3), (2,1), (1,1), (4,10), (2,3)
Cerrados = (2,9), (2,8), (3,9), (1,9), (1,8), (2,10), (3,10), (3,8), (4,9), (2,7), (1,7), (1,6), (1,5), (1,4), (1,3), (1,2), (2,2), (3,2), (1,10)
------------------------
Iteración 20
-----------
Abiertos = (3,6), (2,6), (3,7), (4,8), (5,9), (4,8), (4,2), (2,3), (2,4), (2,5), (2,6), (4,10), (1,7), (3,3), (3,1), (2,1), (1,1), (4,10), (2,3)
Cerrados = (2,9), (2,8), (3,9), (1,9), (1,8), (2,10), (3,10), (3,8), (4,9), (2,7), (1,7), (1,6), (1,5), (1,4), (1,3), (1,2), (2,2), (3,2), (1,10), (3,7)
------------------------
Iteración 21
-----------
Abiertos = (3,5), (2,6), (4,8), (3,7), (5,9), (4,8), (4,2), (2,3), (2,4), (2,5), (2,6), (4,10), (1,7), (3,1), (3,3), (2,1), (1,1), (4,10), (2,3), (2,6)
Cerrados = (2,9), (2,8), (3,9), (1,9), (1,8), (2,10), (3,10), (3,8), (4,9), (2,7), (1,7), (1,6), (1,5), (1,4), (1,3), (1,2), (2,2), (3,2), (1,10), (3,7), (3,6)
------------------------
Iteración 22
-----------
Abiertos = (3,4), (2,6), (4,8), (3,7), (5,9), (4,8), (4,2), (2,3), (2,4), (2,5), (2,6), (1,7), (4,10), (3,1), (3,3), (2,1), (1,1), (4,10), (2,3), (2,5), (2,6)
Cerrados = (2,9), (2,8), (3,9), (1,9), (1,8), (2,10), (3,10), (3,8), (4,9), (2,7), (1,7), (1,6), (1,5), (1,4), (1,3), (1,2), (2,2), (3,2), (1,10), (3,7), (3,6), (3,5)
------------------------
Iteración 23
-----------
Abiertos = (3,3), (2,6), (4,8), (3,7), (5,9), (4,8), (4,2), (2,3), (2,4), (2,5), (2,6), (1,7), (4,10), (3,1), (3,3), (2,1), (1,1), (4,10), (2,3), (2,4), (2,5), (2,6)
Cerrados = (2,9), (2,8), (3,9), (1,9), (1,8), (2,10), (3,10), (3,8), (4,9), (2,7), (1,7), (1,6), (1,5), (1,4), (1,3), (1,2), (2,2), (3,2), (1,10), (3,7), (3,6), (3,5), (3,4)
------------------------
Iteración 24
-----------
Abiertos = (2,6), (4,8), (3,7), (5,9), (4,8), (4,2), (2,3), (2,4), (2,5), (2,6), (4,10), (1,7), (3,1), (3,3), (2,1), (1,1), (4,10), (4,3), (2,3), (2,4), (2,5), (2,6), (2,3)
Cerrados = (2,9), (2,8), (3,9), (1,9), (1,8), (2,10), (3,10), (3,8), (4,9), (2,7), (1,7), (1,6), (1,5), (1,4), (1,3), (1,2), (2,2), (3,2), (1,10), (3,7), (3,6), (3,5), (3,4), (3,3)
------------------------
Iteración 25
-----------
Abiertos = (4,8), (3,7), (5,9), (4,8), (4,2), (2,3), (2,4), (2,5), (2,6), (4,10), (1,7), (3,1), (3,3), (2,1), (1,1), (2,5), (4,10), (4,3), (2,3), (2,4), (2,5), (2,6), (2,3)
Cerrados = (2,9), (2,8), (3,9), (1,9), (1,8), (2,10), (3,10), (3,8), (4,9), (2,7), (1,7), (1,6), (1,5), (1,4), (1,3), (1,2), (2,2), (3,2), (1,10), (3,7), (3,6), (3,5), (3,4), (3,3), (2,6)
------------------------
Iteración 26
-----------
Abiertos = (3,7), (5,9), (4,8), (4,2), (2,3), (2,4), (2,5), (2,6), (4,10), (1,7), (3,1), (3,3), (2,1), (1,1), (2,5), (4,10), (4,3), (2,3), (5,8), (2,4), (2,5), (2,6), (2,3)
Cerrados = (2,9), (2,8), (3,9), (1,9), (1,8), (2,10), (3,10), (3,8), (4,9), (2,7), (1,7), (1,6), (1,5), (1,4), (1,3), (1,2), (2,2), (3,2), (1,10), (3,7), (3,6), (3,5), (3,4), (3,3), (2,6), (4,8)
------------------------
Iteración 27
-----------
Abiertos = (4,8), (4,2), (2,3), (2,4), (2,5), (2,6), (4,10), (1,7), (3,1), (3,3), (2,1), (1,1), (2,5), (4,10), (4,3), (2,3), (5,8), (6,9), (5,8), (2,4), (2,5), (2,6), (5,10), (2,3)
Cerrados = (2,9), (2,8), (3,9), (1,9), (1,8), (2,10), (3,10), (3,8), (4,9), (2,7), (1,7), (1,6), (1,5), (1,4), (1,3), (1,2), (2,2), (3,2), (1,10), (3,7), (3,6), (3,5), (3,4), (3,3), (2,6), (4,8), (5,9)
------------------------
Iteración 28
-----------
Abiertos = (2,3), (2,4), (2,5), (2,6), (4,10), (1,7), (3,1), (3,3), (2,1), (1,1), (2,5), (5,2), (4,10), (4,1), (4,3), (2,3), (5,8), (6,9), (5,8), (2,4), (2,5), (2,6), (5,10), (4,3), (2,3)
Cerrados = (2,9), (2,8), (3,9), (1,9), (1,8), (2,10), (3,10), (3,8), (4,9), (2,7), (1,7), (1,6), (1,5), (1,4), (1,3), (1,2), (2,2), (3,2), (1,10), (3,7), (3,6), (3,5), (3,4), (3,3), (2,6), (4,8), (5,9), (4,2)
------------------------
Iteración 29
-----------
Abiertos = (2,4), (2,5), (2,6), (4,10), (1,7), (3,1), (3,3), (2,1), (1,1), (2,5), (5,2), (4,10), (4,1), (4,3), (2,3), (5,8), (5,8), (6,9), (2,4), (2,5), (2,6), (5,10), (4,3), (2,4), (2,3)
Cerrados = (2,9), (2,8), (3,9), (1,9), (1,8), (2,10), (3,10), (3,8), (4,9), (2,7), (1,7), (1,6), (1,5), (1,4), (1,3), (1,2), (2,2), (3,2), (1,10), (3,7), (3,6), (3,5), (3,4), (3,3), (2,6), (4,8), (5,9), (4,2), (2,3)
------------------------
Iteración 30
-----------
Abiertos = (2,5), (2,6), (4,10), (1,7), (3,1), (3,3), (2,1), (1,1), (2,5), (5,2), (4,10), (4,1), (4,3), (2,3), (5,8), (5,8), (6,9), (2,4), (2,5), (2,6), (5,10), (4,3), (2,4), (2,5), (2,3)
Cerrados = (2,9), (2,8), (3,9), (1,9), (1,8), (2,10), (3,10), (3,8), (4,9), (2,7), (1,7), (1,6), (1,5), (1,4), (1,3), (1,2), (2,2), (3,2), (1,10), (3,7), (3,6), (3,5), (3,4), (3,3), (2,6), (4,8), (5,9), (4,2), (2,3), (2,4)
------------------------
Iteración 31
-----------
Abiertos = (2,6), (4,10), (1,7), (3,1), (3,3), (2,1), (1,1), (2,5), (5,2), (4,10), (4,1), (4,3), (2,3), (5,8), (5,8), (6,9), (2,4), (2,5), (2,6), (5,10), (4,3), (2,4), (2,5), (2,3)
Cerrados = (2,9), (2,8), (3,9), (1,9), (1,8), (2,10), (3,10), (3,8), (4,9), (2,7), (1,7), (1,6), (1,5), (1,4), (1,3), (1,2), (2,2), (3,2), (1,10), (3,7), (3,6), (3,5), (3,4), (3,3), (2,6), (4,8), (5,9), (4,2), (2,3), (2,4), (2,5)
------------------------
Iteración 32
-----------
Abiertos = (1,7), (3,1), (3,3), (2,1), (1,1), (2,5), (5,2), (5,10), (4,10), (4,1), (4,3), (2,3), (5,8), (6,9), (5,8), (2,4), (2,5), (2,6), (5,10), (4,3), (2,4), (2,5), (2,3)
Cerrados = (2,9), (2,8), (3,9), (1,9), (1,8), (2,10), (3,10), (3,8), (4,9), (2,7), (1,7), (1,6), (1,5), (1,4), (1,3), (1,2), (2,2), (3,2), (1,10), (3,7), (3,6), (3,5), (3,4), (3,3), (2,6), (4,8), (5,9), (4,2), (2,3), (2,4), (2,5), (4,10)
------------------------
Iteración 33
-----------
Abiertos = (4,1), (3,3), (2,1), (1,1), (2,5), (5,2), (5,10), (4,10), (4,1), (4,3), (2,3), (2,1), (6,9), (5,8), (5,8), (2,4), (2,5), (2,6), (5,10), (4,3), (2,4), (2,5), (2,3)
Cerrados = (2,9), (2,8), (3,9), (1,9), (1,8), (2,10), (3,10), (3,8), (4,9), (2,7), (1,7), (1,6), (1,5), (1,4), (1,3), (1,2), (2,2), (3,2), (1,10), (3,7), (3,6), (3,5), (3,4), (3,3), (2,6), (4,8), (5,9), (4,2), (2,3), (2,4), (2,5), (4,10), (3,1)
------------------------
Iteración 34
-----------
Abiertos = (3,3), (2,1), (1,1), (2,5), (5,2), (5,10), (4,10), (5,1), (4,1), (4,3), (2,3), (2,1), (6,9), (5,8), (5,8), (2,4), (2,5), (2,6), (5,10), (4,3), (2,4), (2,5), (2,3)
Cerrados = (2,9), (2,8), (3,9), (1,9), (1,8), (2,10), (3,10), (3,8), (4,9), (2,7), (1,7), (1,6), (1,5), (1,4), (1,3), (1,2), (2,2), (3,2), (1,10), (3,7), (3,6), (3,5), (3,4), (3,3), (2,6), (4,8), (5,9), (4,2), (2,3), (2,4), (2,5), (4,10), (3,1), (4,1)
------------------------
Iteración 35
-----------
Abiertos = (1,1), (2,5), (5,2), (5,10), (4,10), (5,1), (4,1), (4,3), (2,3), (2,1), (1,1), (6,9), (5,8), (5,8), (2,4), (2,5), (2,6), (5,10), (4,3), (2,4), (2,5), (2,3)
Cerrados = (2,9), (2,8), (3,9), (1,9), (1,8), (2,10), (3,10), (3,8), (4,9), (2,7), (1,7), (1,6), (1,5), (1,4), (1,3), (1,2), (2,2), (3,2), (1,10), (3,7), (3,6), (3,5), (3,4), (3,3), (2,6), (4,8), (5,9), (4,2), (2,3), (2,4), (2,5), (4,10), (3,1), (4,1), (2,1)
------------------------
Iteración 36
-----------
Abiertos = (2,5), (5,2), (5,10), (4,10), (5,1), (4,1), (4,3), (2,3), (2,1), (1,1), (6,9), (5,8), (5,8), (2,4), (2,5), (2,6), (5,10), (4,3), (2,4), (2,5), (2,3)
Cerrados = (2,9), (2,8), (3,9), (1,9), (1,8), (2,10), (3,10), (3,8), (4,9), (2,7), (1,7), (1,6), (1,5), (1,4), (1,3), (1,2), (2,2), (3,2), (1,10), (3,7), (3,6), (3,5), (3,4), (3,3), (2,6), (4,8), (5,9), (4,2), (2,3), (2,4), (2,5), (4,10), (3,1), (4,1), (2,1), (1,1)
------------------------
Iteración 37
-----------
Abiertos = (5,10), (4,10), (5,1), (4,1), (4,3), (2,3), (2,1), (1,1), (6,9), (5,8), (5,8), (6,2), (2,4), (2,5), (2,6), (5,10), (5,1), (4,3), (2,4), (2,5), (2,3), (5,3)
Cerrados = (2,9), (2,8), (3,9), (1,9), (1,8), (2,10), (3,10), (3,8), (4,9), (2,7), (1,7), (1,6), (1,5), (1,4), (1,3), (1,2), (2,2), (3,2), (1,10), (3,7), (3,6), (3,5), (3,4), (3,3), (2,6), (4,8), (5,9), (4,2), (2,3), (2,4), (2,5), (4,10), (3,1), (4,1), (2,1), (1,1), (5,2)
------------------------
Iteración 38
-----------
Abiertos = (4,10), (5,1), (4,1), (4,3), (2,3), (2,1), (1,1), (5,8), (5,8), (6,9), (6,2), (2,4), (2,5), (2,6), (5,10), (5,1), (4,3), (2,4), (2,5), (2,3), (6,10), (5,3)
Cerrados = (2,9), (2,8), (3,9), (1,9), (1,8), (2,10), (3,10), (3,8), (4,9), (2,7), (1,7), (1,6), (1,5), (1,4), (1,3), (1,2), (2,2), (3,2), (1,10), (3,7), (3,6), (3,5), (3,4), (3,3), (2,6), (4,8), (5,9), (4,2), (2,3), (2,4), (2,5), (4,10), (3,1), (4,1), (2,1), (1,1), (5,2), (5,10)
------------------------
Iteración 39
-----------
Abiertos = (6,1), (4,1), (4,3), (2,3), (2,1), (1,1), (5,8), (5,8), (6,9), (6,2), (2,4), (2,5), (2,6), (5,10), (5,1), (4,3), (2,4), (2,5), (2,3), (6,10), (5,3)
Cerrados = (2,9), (2,8), (3,9), (1,9), (1,8), (2,10), (3,10), (3,8), (4,9), (2,7), (1,7), (1,6), (1,5), (1,4), (1,3), (1,2), (2,2), (3,2), (1,10), (3,7), (3,6), (3,5), (3,4), (3,3), (2,6), (4,8), (5,9), (4,2), (2,3), (2,4), (2,5), (4,10), (3,1), (4,1), (2,1), (1,1), (5,2), (5,10), (5,1)
------------------------
Iteración 40
-----------
Abiertos = (7,1), (4,1), (4,3), (2,3), (2,1), (1,1), (5,8), (5,8), (6,9), (6,2), (2,4), (2,5), (2,6), (5,10), (6,2), (5,1), (4,3), (2,4), (2,5), (2,3), (6,10), (5,3)
Cerrados = (2,9), (2,8), (3,9), (1,9), (1,8), (2,10), (3,10), (3,8), (4,9), (2,7), (1,7), (1,6), (1,5), (1,4), (1,3), (1,2), (2,2), (3,2), (1,10), (3,7), (3,6), (3,5), (3,4), (3,3), (2,6), (4,8), (5,9), (4,2), (2,3), (2,4), (2,5), (4,10), (3,1), (4,1), (2,1), (1,1), (5,2), (5,10), (5,1), (6,1)
------------------------
Iteración 41
-----------
Abiertos = (8,1), (4,1), (4,3), (2,3), (2,1), (1,1), (5,8), (5,8), (6,9), (6,2), (2,4), (2,5), (2,6), (5,10), (7,2), (6,2), (5,1), (4,3), (2,4), (2,5), (2,3), (6,10), (5,3)
Cerrados = (2,9), (2,8), (3,9), (1,9), (1,8), (2,10), (3,10), (3,8), (4,9), (2,7), (1,7), (1,6), (1,5), (1,4), (1,3), (1,2), (2,2), (3,2), (1,10), (3,7), (3,6), (3,5), (3,4), (3,3), (2,6), (4,8), (5,9), (4,2), (2,3), (2,4), (2,5), (4,10), (3,1), (4,1), (2,1), (1,1), (5,2), (5,10), (5,1), (6,1), (7,1)
------------------------
Iteración 42
-----------
Abiertos = (9,1), (4,1), (4,3), (2,3), (2,1), (1,1), (5,8), (5,8), (6,9), (6,2), (2,4), (2,5), (2,6), (5,10), (8,2), (7,2), (6,2), (5,1), (4,3), (2,4), (2,5), (2,3), (6,10), (5,3)
Cerrados = (2,9), (2,8), (3,9), (1,9), (1,8), (2,10), (3,10), (3,8), (4,9), (2,7), (1,7), (1,6), (1,5), (1,4), (1,3), (1,2), (2,2), (3,2), (1,10), (3,7), (3,6), (3,5), (3,4), (3,3), (2,6), (4,8), (5,9), (4,2), (2,3), (2,4), (2,5), (4,10), (3,1), (4,1), (2,1), (1,1), (5,2), (5,10), (5,1), (6,1), (7,1), (8,1)
------------------------
Iteración 43
-----------
Abiertos = (9,2), (10,1), (4,1), (4,3), (2,3), (2,1), (1,1), (5,8), (5,8), (6,9), (6,2), (2,4), (2,5), (2,6), (5,10), (8,2), (7,2), (6,2), (5,1), (4,3), (2,4), (2,5), (2,3), (6,10), (5,3)
Cerrados = (2,9), (2,8), (3,9), (1,9), (1,8), (2,10), (3,10), (3,8), (4,9), (2,7), (1,7), (1,6), (1,5), (1,4), (1,3), (1,2), (2,2), (3,2), (1,10), (3,7), (3,6), (3,5), (3,4), (3,3), (2,6), (4,8), (5,9), (4,2), (2,3), (2,4), (2,5), (4,10), (3,1), (4,1), (2,1), (1,1), (5,2), (5,10), (5,1), (6,1), (7,1), (8,1), (9,1)
------------------------
Iteración 44
-----------
Abiertos = (10,2), (10,1), (4,1), (4,3), (2,3), (2,1), (1,1), (5,8), (5,8), (6,9), (6,2), (2,4), (2,5), (2,6), (5,10), (8,2), (7,2), (6,2), (5,1), (4,3), (2,4), (2,5), (2,3), (6,10), (5,3), (9,3), (8,2)
Cerrados = (2,9), (2,8), (3,9), (1,9), (1,8), (2,10), (3,10), (3,8), (4,9), (2,7), (1,7), (1,6), (1,5), (1,4), (1,3), (1,2), (2,2), (3,2), (1,10), (3,7), (3,6), (3,5), (3,4), (3,3), (2,6), (4,8), (5,9), (4,2), (2,3), (2,4), (2,5), (4,10), (3,1), (4,1), (2,1), (1,1), (5,2), (5,10), (5,1), (6,1), (7,1), (8,1), (9,1), (9,2)
------------------------
Camino: (2,9) -> (2,8) -> (1,8) -> (1,7) -> (1,6) -> (1,5) -> (1,4) -> (1,3) -> (1,2) -> (2,2) -> (3,2) -> (4,2) -> (4,1) -> (5,1) -> (6,1) -> (7,1) -> (8,1) -> (9,1) -> (9,2) -> (10,2)
Coste: 44
