Iteración 0
-----------
Abiertos = (3,8)
Cerrados = 
------------------------
Iteración 1
-----------
Abiertos = (3,7), (4,8), (3,9), (2,8)
Cerrados = (3,8)
------------------------
Iteración 2
-----------
Abiertos = (3,6), (4,8), (2,7), (3,9), (2,8)
Cerrados = (3,8), (3,7)
------------------------
Iteración 3
-----------
Abiertos = (3,5), (4,8), (2,6), (2,7), (3,9), (2,8)
Cerrados = (3,8), (3,7), (3,6)
------------------------
Iteración 4
-----------
Abiertos = (4,5), (4,8), (3,4), (2,6), (2,5), (2,7), (2,8), (3,9)
Cerrados = (3,8), (3,7), (3,6), (3,5)
------------------------
Iteración 5
-----------
Abiertos = (5,5), (4,8), (3,4), (2,6), (2,5), (2,7), (2,8), (3,9)
Cerrados = (3,8), (3,7), (3,6), (3,5), (4,5)
------------------------
Iteración 6
-----------
Abiertos = (6,5), (4,8), (3,4), (5,6), (2,6), (2,5), (2,7), (3,9), (2,8)
Cerrados = (3,8), (3,7), (3,6), (3,5), (4,5), (5,5)
------------------------
Iteración 7
-----------
Abiertos = (7,5), (4,8), (3,4), (5,6), (2,6), (6,6), (2,5), (2,7), (3,9), (2,8)
Cerrados = (3,8), (3,7), (3,6), (3,5), (4,5), (5,5), (6,5)
------------------------
Iteración 8
-----------
Abiertos = (7,4), (4,8), (8,5), (3,4), (5,6), (2,6), (7,6), (6,6), (2,5), (2,7), (3,9), (2,8)
Cerrados = (3,8), (3,7), (3,6), (3,5), (4,5), (5,5), (6,5), (7,5)
------------------------
Iteración 9
-----------
Abiertos = (7,3), (4,8), (8,4), (8,5), (3,4), (5,6), (2,6), (7,6), (6,6), (2,5), (2,7), (3,9), (2,8)
Cerrados = (3,8), (3,7), (3,6), (3,5), (4,5), (5,5), (6,5), (7,5), (7,4)
------------------------
Iteración 10
-----------
Abiertos = (7,2), (4,8), (8,3), (8,4), (8,5), (3,4), (6,3), (5,6), (2,6), (7,6), (6,6), (2,5), (2,7), (2,8), (3,9)
Cerrados = (3,8), (3,7), (3,6), (3,5), (4,5), (5,5), (6,5), (7,5), (7,4), (7,3)
------------------------
Iteración 11
-----------
Abiertos = (8,2), (4,8), (8,3), (8,4), (8,5), (3,4), (7,1), (6,2), (6,3), (5,6), (2,6), (7,6), (6,6), (2,5), (2,7), (2,8), (3,9)
Cerrados = (3,8), (3,7), (3,6), (3,5), (4,5), (5,5), (6,5), (7,5), (7,4), (7,3), (7,2)
------------------------
Iteración 12
-----------
Abiertos = (9,2), (4,8), (8,3), (8,4), (8,5), (3,4), (8,1), (7,1), (6,2), (6,3), (5,6), (2,6), (8,3), (7,6), (6,6), (2,5), (2,7), (3,9), (2,8)
Cerrados = (3,8), (3,7), (3,6), (3,5), (4,5), (5,5), (6,5), (7,5), (7,4), (7,3), (7,2), (8,2)
------------------------
Camino: (3,8) -> (3,7) -> (3,6) -> (3,5) -> (4,5) -> (5,5) -> (6,5) -> (7,5) -> (7,4) -> (7,3) -> (7,2) -> (8,2) -> (9,2)
Coste: 24
