Iteración 0
-----------
Abiertos = (3,8)
Cerrados = 
------------------------
Iteración 1
-----------
Abiertos = (3,7), (4,8), (3,9), (2,8)
Cerrados = (3,8)
------------------------
Iteración 2
-----------
Abiertos = (3,6), (4,8), (2,7), (3,9), (2,8)
Cerrados = (3,8), (3,7)
------------------------
Iteración 3
-----------
Abiertos = (4,8), (2,6), (3,5), (2,7), (3,9), (2,8)
Cerrados = (3,8), (3,7), (3,6)
------------------------
Iteración 4
-----------
Abiertos = (5,8), (2,6), (3,5), (4,9), (2,7), (3,9), (2,8)
Cerrados = (3,8), (3,7), (3,6), (4,8)
------------------------
Iteración 5
-----------
Abiertos = (2,6), (5,9), (3,5), (6,8), (4,9), (2,7), (3,9), (2,8)
Cerrados = (3,8), (3,7), (3,6), (4,8), (5,8)
------------------------
Iteración 6
-----------
Abiertos = (5,9), (3,5), (6,8), (4,9), (2,7), (3,9), (2,8), (2,5), (1,6), (2,7)
Cerrados = (3,8), (3,7), (3,6), (4,8), (5,8), (2,6)
------------------------
Iteración 7
-----------
Abiertos = (3,5), (6,8), (4,9), (2,7), (3,9), (2,8), (4,9), (1,6), (2,5), (5,10), (6,9), (2,7)
Cerrados = (3,8), (3,7), (3,6), (4,8), (5,8), (2,6), (5,9)
------------------------
Iteración 8
-----------
Abiertos = (6,8), (4,9), (2,7), (3,9), (2,8), (2,5), (5,10), (1,6), (3,4), (2,5), (4,9), (6,9), (2,7)
Cerrados = (3,8), (3,7), (3,6), (4,8), (5,8), (2,6), (5,9), (3,5)
------------------------
Iteración 9
-----------
Abiertos = (4,9), (2,7), (3,9), (2,8), (2,5), (6,9), (7,8), (5,10), (1,6), (3,4), (2,5), (4,9), (6,9), (2,7)
Cerrados = (3,8), (3,7), (3,6), (4,8), (5,8), (2,6), (5,9), (3,5), (6,8)
------------------------
Iteración 10
-----------
Abiertos = (2,7), (3,9), (2,8), (2,5), (6,9), (3,4), (7,8), (5,10), (1,6), (2,5), (6,9), (4,9), (2,7), (4,10), (3,9)
Cerrados = (3,8), (3,7), (3,6), (4,8), (5,8), (2,6), (5,9), (3,5), (6,8), (4,9)
------------------------
Iteración 11
-----------
Abiertos = (3,9), (2,8), (2,5), (6,9), (3,4), (6,9), (4,9), (7,8), (5,10), (2,7), (2,5), (1,6), (2,8), (3,9), (1,7), (4,10)
Cerrados = (3,8), (3,7), (3,6), (4,8), (5,8), (2,6), (5,9), (3,5), (6,8), (4,9), (2,7)
------------------------
Iteración 12
-----------
Abiertos = (2,8), (2,5), (6,9), (3,4), (6,9), (4,9), (7,8), (5,10), (2,7), (1,6), (2,5), (2,8), (3,9), (4,10), (1,7), (3,10), (2,9)
Cerrados = (3,8), (3,7), (3,6), (4,8), (5,8), (2,6), (5,9), (3,5), (6,8), (4,9), (2,7), (3,9)
------------------------
Iteración 13
-----------
Abiertos = (2,5), (6,9), (3,4), (6,9), (4,9), (7,8), (5,10), (2,7), (1,6), (2,5), (2,8), (1,7), (3,9), (4,10), (2,9), (3,10), (2,9), (1,8)
Cerrados = (3,8), (3,7), (3,6), (4,8), (5,8), (2,6), (5,9), (3,5), (6,8), (4,9), (2,7), (3,9), (2,8)
------------------------
Iteración 14
-----------
Abiertos = (6,9), (3,4), (6,9), (4,9), (7,8), (5,10), (2,7), (1,6), (2,5), (2,8), (1,7), (3,9), (4,10), (3,10), (2,9), (2,9), (1,8), (2,4), (1,5)
Cerrados = (3,8), (3,7), (3,6), (4,8), (5,8), (2,6), (5,9), (3,5), (6,8), (4,9), (2,7), (3,9), (2,8), (2,5)
------------------------
Iteración 15
-----------
Abiertos = (3,4), (6,9), (4,9), (7,8), (5,10), (2,7), (1,6), (2,5), (2,8), (1,7), (3,9), (4,10), (1,8), (2,9), (2,9), (3,10), (2,4), (1,5), (7,9), (6,10)
Cerrados = (3,8), (3,7), (3,6), (4,8), (5,8), (2,6), (5,9), (3,5), (6,8), (4,9), (2,7), (3,9), (2,8), (2,5), (6,9)
------------------------
Iteración 16
-----------
Abiertos = (4,4), (6,9), (4,9), (7,8), (5,10), (2,7), (1,6), (2,5), (2,8), (1,7), (4,10), (3,9), (2,9), (1,8), (2,9), (3,10), (1,5), (2,4), (3,3), (2,4), (7,9), (6,10)
Cerrados = (3,8), (3,7), (3,6), (4,8), (5,8), (2,6), (5,9), (3,5), (6,8), (4,9), (2,7), (3,9), (2,8), (2,5), (6,9), (3,4)
------------------------
Iteración 17
-----------
Abiertos = (5,4), (6,9), (4,9), (7,8), (5,10), (2,7), (1,6), (2,5), (2,8), (1,7), (4,10), (3,9), (1,8), (2,9), (2,9), (3,10), (4,3), (3,3), (1,5), (7,9), (2,4), (2,4), (6,10)
Cerrados = (3,8), (3,7), (3,6), (4,8), (5,8), (2,6), (5,9), (3,5), (6,8), (4,9), (2,7), (3,9), (2,8), (2,5), (6,9), (3,4), (4,4)
------------------------
Iteración 18
-----------
Abiertos = (6,9), (4,9), (7,8), (5,10), (2,7), (1,6), (2,5), (2,8), (1,7), (4,10), (3,9), (1,8), (2,9), (2,9), (3,10), (5,3), (6,4), (4,3), (1,5), (3,3), (2,4), (2,4), (7,9), (6,10)
Cerrados = (3,8), (3,7), (3,6), (4,8), (5,8), (2,6), (5,9), (3,5), (6,8), (4,9), (2,7), (3,9), (2,8), (2,5), (6,9), (3,4), (4,4), (5,4)
------------------------
Iteración 19
-----------
Abiertos = (7,7), (5,10), (2,7), (1,6), (2,5), (2,8), (1,7), (4,10), (3,9), (1,8), (2,9), (2,9), (3,10), (5,3), (6,4), (4,3), (1,5), (3,3), (7,9), (2,4), (7,9), (2,4), (8,8), (6,10)
Cerrados = (3,8), (3,7), (3,6), (4,8), (5,8), (2,6), (5,9), (3,5), (6,8), (4,9), (2,7), (3,9), (2,8), (2,5), (6,9), (3,4), (4,4), (5,4), (7,8)
------------------------
Iteración 20
-----------
Abiertos = (7,6), (5,10), (2,7), (1,6), (2,5), (1,7), (4,10), (2,8), (3,9), (1,8), (2,9), (2,9), (3,10), (5,3), (6,4), (8,7), (4,3), (1,5), (3,3), (7,9), (7,9), (8,8), (2,4), (2,4), (6,10)
Cerrados = (3,8), (3,7), (3,6), (4,8), (5,8), (2,6), (5,9), (3,5), (6,8), (4,9), (2,7), (3,9), (2,8), (2,5), (6,9), (3,4), (4,4), (5,4), (7,8), (7,7)
------------------------
Iteración 21
-----------
Abiertos = (5,10), (2,7), (1,6), (2,5), (1,7), (4,10), (2,8), (3,9), (1,8), (2,9), (3,10), (2,9), (5,3), (6,4), (8,6), (7,5), (8,7), (4,3), (1,5), (8,8), (3,3), (2,4), (7,9), (2,4), (7,9), (6,10)
Cerrados = (3,8), (3,7), (3,6), (4,8), (5,8), (2,6), (5,9), (3,5), (6,8), (4,9), (2,7), (3,9), (2,8), (2,5), (6,9), (3,4), (4,4), (5,4), (7,8), (7,7), (7,6)
------------------------
Iteración 22
-----------
Abiertos = (2,7), (1,6), (2,5), (1,7), (4,10), (2,8), (3,9), (1,8), (2,9), (2,9), (3,10), (7,5), (5,3), (6,4), (8,6), (8,7), (4,3), (1,5), (2,4), (8,8), (2,4), (7,9), (7,9), (6,10), (3,3), (4,10), (6,10)
Cerrados = (3,8), (3,7), (3,6), (4,8), (5,8), (2,6), (5,9), (3,5), (6,8), (4,9), (2,7), (3,9), (2,8), (2,5), (6,9), (3,4), (4,4), (5,4), (7,8), (7,7), (7,6), (5,10)
------------------------
Iteración 23
-----------
Abiertos = (2,5), (1,7), (4,10), (2,8), (3,9), (1,8), (2,9), (2,9), (3,10), (7,5), (5,3), (6,4), (8,6), (8,7), (4,3), (1,5), (1,7), (8,8), (1,5), (7,9), (3,3), (2,4), (7,9), (6,10), (4,10), (2,4), (6,10)
Cerrados = (3,8), (3,7), (3,6), (4,8), (5,8), (2,6), (5,9), (3,5), (6,8), (4,9), (2,7), (3,9), (2,8), (2,5), (6,9), (3,4), (4,4), (5,4), (7,8), (7,7), (7,6), (5,10), (1,6)
------------------------
Iteración 24
-----------
Abiertos = (4,10), (2,8), (3,9), (1,8), (2,9), (2,9), (3,10), (7,5), (5,3), (6,4), (8,6), (8,7), (4,3), (1,5), (2,4), (1,7), (1,5), (7,9), (4,10), (3,3), (2,4), (6,10), (7,9), (6,10), (8,8), (1,8)
Cerrados = (3,8), (3,7), (3,6), (4,8), (5,8), (2,6), (5,9), (3,5), (6,8), (4,9), (2,7), (3,9), (2,8), (2,5), (6,9), (3,4), (4,4), (5,4), (7,8), (7,7), (7,6), (5,10), (1,6), (1,7)
------------------------
Iteración 25
-----------
Abiertos = (2,8), (3,9), (1,8), (2,9), (2,9), (3,10), (7,5), (5,3), (6,4), (8,6), (8,7), (4,3), (1,5), (8,8), (1,7), (7,9), (1,5), (4,10), (2,4), (2,4), (6,10), (3,3), (7,9), (6,10), (1,8), (3,10)
Cerrados = (3,8), (3,7), (3,6), (4,8), (5,8), (2,6), (5,9), (3,5), (6,8), (4,9), (2,7), (3,9), (2,8), (2,5), (6,9), (3,4), (4,4), (5,4), (7,8), (7,7), (7,6), (5,10), (1,6), (1,7), (4,10)
------------------------
Iteración 26
-----------
Abiertos = (2,9), (2,9), (3,10), (7,5), (5,3), (6,4), (8,6), (8,7), (4,3), (1,5), (8,8), (2,4), (1,7), (4,10), (1,5), (7,9), (3,3), (2,4), (7,9), (6,10), (6,10), (1,8), (3,10), (1,9)
Cerrados = (3,8), (3,7), (3,6), (4,8), (5,8), (2,6), (5,9), (3,5), (6,8), (4,9), (2,7), (3,9), (2,8), (2,5), (6,9), (3,4), (4,4), (5,4), (7,8), (7,7), (7,6), (5,10), (1,6), (1,7), (4,10), (1,8)
------------------------
Iteración 27
-----------
Abiertos = (2,9), (3,10), (7,5), (5,3), (6,4), (8,6), (8,7), (4,3), (1,5), (1,7), (3,3), (2,4), (4,10), (1,5), (8,8), (2,4), (7,9), (6,10), (7,9), (6,10), (1,8), (3,10), (1,9), (2,10), (1,9)
Cerrados = (3,8), (3,7), (3,6), (4,8), (5,8), (2,6), (5,9), (3,5), (6,8), (4,9), (2,7), (3,9), (2,8), (2,5), (6,9), (3,4), (4,4), (5,4), (7,8), (7,7), (7,6), (5,10), (1,6), (1,7), (4,10), (1,8), (2,9)
------------------------
Iteración 28
-----------
Abiertos = (7,5), (5,3), (6,4), (8,6), (8,7), (4,3), (1,5), (1,7), (1,5), (2,4), (4,10), (7,9), (8,8), (3,3), (2,4), (6,10), (7,9), (6,10), (1,8), (3,10), (2,10), (2,10), (1,9), (1,9)
Cerrados = (3,8), (3,7), (3,6), (4,8), (5,8), (2,6), (5,9), (3,5), (6,8), (4,9), (2,7), (3,9), (2,8), (2,5), (6,9), (3,4), (4,4), (5,4), (7,8), (7,7), (7,6), (5,10), (1,6), (1,7), (4,10), (1,8), (2,9), (3,10)
------------------------
Iteración 29
-----------
Abiertos = (5,3), (6,4), (8,6), (8,7), (4,3), (1,5), (1,7), (1,5), (3,3), (2,4), (7,9), (8,8), (2,4), (4,10), (6,10), (7,9), (6,10), (1,8), (3,10), (2,10), (1,9), (2,10), (1,9), (7,4), (8,5)
Cerrados = (3,8), (3,7), (3,6), (4,8), (5,8), (2,6), (5,9), (3,5), (6,8), (4,9), (2,7), (3,9), (2,8), (2,5), (6,9), (3,4), (4,4), (5,4), (7,8), (7,7), (7,6), (5,10), (1,6), (1,7), (4,10), (1,8), (2,9), (3,10), (7,5)
------------------------
Iteración 30
-----------
Abiertos = (6,4), (8,6), (8,7), (4,3), (1,5), (1,7), (1,5), (7,9), (8,8), (2,4), (3,3), (6,10), (7,9), (2,4), (6,10), (4,10), (1,8), (3,10), (2,10), (2,10), (1,9), (1,9), (8,5), (4,3), (5,2), (6,3), (7,4)
Cerrados = (3,8), (3,7), (3,6), (4,8), (5,8), (2,6), (5,9), (3,5), (6,8), (4,9), (2,7), (3,9), (2,8), (2,5), (6,9), (3,4), (4,4), (5,4), (7,8), (7,7), (7,6), (5,10), (1,6), (1,7), (4,10), (1,8), (2,9), (3,10), (7,5), (5,3)
------------------------
Iteración 31
-----------
Abiertos = (8,6), (8,7), (4,3), (1,5), (1,7), (1,5), (7,9), (8,8), (2,4), (3,3), (6,10), (7,9), (2,4), (6,10), (4,10), (1,8), (3,10), (2,10), (2,10), (1,9), (1,9), (7,4), (7,4), (5,2), (8,5), (4,3), (6,3), (6,3)
Cerrados = (3,8), (3,7), (3,6), (4,8), (5,8), (2,6), (5,9), (3,5), (6,8), (4,9), (2,7), (3,9), (2,8), (2,5), (6,9), (3,4), (4,4), (5,4), (7,8), (7,7), (7,6), (5,10), (1,6), (1,7), (4,10), (1,8), (2,9), (3,10), (7,5), (5,3), (6,4)
------------------------
Iteración 32
-----------
Abiertos = (8,7), (4,3), (1,5), (1,7), (1,5), (7,9), (8,8), (2,4), (3,3), (6,10), (7,9), (2,4), (6,10), (4,10), (1,8), (3,10), (2,10), (2,10), (1,9), (1,9), (8,7), (7,4), (5,2), (7,4), (4,3), (6,3), (6,3), (8,5), (9,6), (8,5)
Cerrados = (3,8), (3,7), (3,6), (4,8), (5,8), (2,6), (5,9), (3,5), (6,8), (4,9), (2,7), (3,9), (2,8), (2,5), (6,9), (3,4), (4,4), (5,4), (7,8), (7,7), (7,6), (5,10), (1,6), (1,7), (4,10), (1,8), (2,9), (3,10), (7,5), (5,3), (6,4), (8,6)
------------------------
Iteración 33
-----------
Abiertos = (4,3), (1,5), (1,7), (1,5), (7,9), (8,8), (2,4), (3,3), (6,10), (7,9), (2,4), (6,10), (4,10), (1,8), (3,10), (2,10), (2,10), (1,9), (1,9), (7,4), (8,7), (7,4), (5,2), (6,3), (8,5), (4,3), (9,6), (6,3), (8,5), (9,7), (8,8)
Cerrados = (3,8), (3,7), (3,6), (4,8), (5,8), (2,6), (5,9), (3,5), (6,8), (4,9), (2,7), (3,9), (2,8), (2,5), (6,9), (3,4), (4,4), (5,4), (7,8), (7,7), (7,6), (5,10), (1,6), (1,7), (4,10), (1,8), (2,9), (3,10), (7,5), (5,3), (6,4), (8,6), (8,7)
------------------------
Iteración 34
-----------
Abiertos = (1,5), (1,7), (1,5), (7,9), (8,8), (2,4), (3,3), (6,10), (7,9), (2,4), (6,10), (4,10), (1,8), (3,10), (2,10), (2,10), (1,9), (1,9), (7,4), (6,3), (6,3), (4,3), (5,2), (9,6), (8,7), (8,5), (7,4), (8,5), (9,7), (8,8), (4,2), (3,3)
Cerrados = (3,8), (3,7), (3,6), (4,8), (5,8), (2,6), (5,9), (3,5), (6,8), (4,9), (2,7), (3,9), (2,8), (2,5), (6,9), (3,4), (4,4), (5,4), (7,8), (7,7), (7,6), (5,10), (1,6), (1,7), (4,10), (1,8), (2,9), (3,10), (7,5), (5,3), (6,4), (8,6), (8,7), (4,3)
------------------------
Iteración 35
-----------
Abiertos = (1,7), (1,5), (7,9), (8,8), (2,4), (3,3), (6,10), (7,9), (2,4), (6,10), (4,10), (1,8), (3,10), (2,10), (2,10), (1,9), (1,9), (7,4), (6,3), (4,3), (7,4), (5,2), (9,6), (8,7), (8,5), (8,5), (6,3), (8,8), (9,7), (4,2), (3,3), (1,4)
Cerrados = (3,8), (3,7), (3,6), (4,8), (5,8), (2,6), (5,9), (3,5), (6,8), (4,9), (2,7), (3,9), (2,8), (2,5), (6,9), (3,4), (4,4), (5,4), (7,8), (7,7), (7,6), (5,10), (1,6), (1,7), (4,10), (1,8), (2,9), (3,10), (7,5), (5,3), (6,4), (8,6), (8,7), (4,3), (1,5)
------------------------
Iteración 36
-----------
Abiertos = (8,8), (2,4), (3,3), (6,10), (7,9), (2,4), (6,10), (4,10), (1,8), (3,10), (2,10), (2,10), (1,9), (1,9), (7,4), (4,3), (6,3), (7,4), (5,2), (6,3), (9,6), (8,5), (8,7), (8,5), (8,8), (3,3), (9,7), (4,2), (1,4), (8,9), (7,10)
Cerrados = (3,8), (3,7), (3,6), (4,8), (5,8), (2,6), (5,9), (3,5), (6,8), (4,9), (2,7), (3,9), (2,8), (2,5), (6,9), (3,4), (4,4), (5,4), (7,8), (7,7), (7,6), (5,10), (1,6), (1,7), (4,10), (1,8), (2,9), (3,10), (7,5), (5,3), (6,4), (8,6), (8,7), (4,3), (1,5), (7,9)
------------------------
Iteración 37
-----------
Abiertos = (2,4), (3,3), (6,10), (7,9), (2,4), (6,10), (4,10), (1,8), (3,10), (2,10), (2,10), (1,9), (1,9), (7,4), (7,4), (6,3), (6,3), (5,2), (8,5), (9,6), (4,3), (8,5), (8,7), (8,8), (4,2), (3,3), (9,7), (1,4), (8,9), (9,8), (7,10), (8,9)
Cerrados = (3,8), (3,7), (3,6), (4,8), (5,8), (2,6), (5,9), (3,5), (6,8), (4,9), (2,7), (3,9), (2,8), (2,5), (6,9), (3,4), (4,4), (5,4), (7,8), (7,7), (7,6), (5,10), (1,6), (1,7), (4,10), (1,8), (2,9), (3,10), (7,5), (5,3), (6,4), (8,6), (8,7), (4,3), (1,5), (7,9), (8,8)
------------------------
Iteración 38
-----------
Abiertos = (3,3), (6,10), (7,9), (2,4), (6,10), (4,10), (1,8), (3,10), (2,10), (2,10), (1,9), (1,9), (7,4), (8,5), (6,3), (6,3), (5,2), (9,6), (4,3), (8,7), (8,5), (7,4), (8,8), (3,3), (4,2), (9,7), (1,4), (9,8), (7,10), (8,9), (2,3), (1,4), (8,9)
Cerrados = (3,8), (3,7), (3,6), (4,8), (5,8), (2,6), (5,9), (3,5), (6,8), (4,9), (2,7), (3,9), (2,8), (2,5), (6,9), (3,4), (4,4), (5,4), (7,8), (7,7), (7,6), (5,10), (1,6), (1,7), (4,10), (1,8), (2,9), (3,10), (7,5), (5,3), (6,4), (8,6), (8,7), (4,3), (1,5), (7,9), (8,8), (2,4)
------------------------
Iteración 39
-----------
Abiertos = (6,10), (7,9), (2,4), (6,10), (4,10), (1,8), (3,10), (2,10), (2,10), (1,9), (1,9), (7,4), (8,5), (8,7), (7,4), (6,3), (6,3), (5,2), (9,6), (4,3), (8,5), (8,8), (4,2), (3,3), (9,7), (1,4), (8,9), (7,10), (3,2), (8,9), (2,3), (9,8), (2,3), (1,4)
Cerrados = (3,8), (3,7), (3,6), (4,8), (5,8), (2,6), (5,9), (3,5), (6,8), (4,9), (2,7), (3,9), (2,8), (2,5), (6,9), (3,4), (4,4), (5,4), (7,8), (7,7), (7,6), (5,10), (1,6), (1,7), (4,10), (1,8), (2,9), (3,10), (7,5), (5,3), (6,4), (8,6), (8,7), (4,3), (1,5), (7,9), (8,8), (2,4), (3,3)
------------------------
Iteración 40
-----------
Abiertos = (7,9), (2,4), (6,10), (4,10), (1,8), (3,10), (2,10), (2,10), (1,9), (1,9), (7,4), (8,7), (8,5), (7,4), (6,3), (6,3), (5,2), (9,6), (4,3), (8,5), (8,8), (4,2), (9,7), (3,3), (8,9), (1,4), (2,3), (9,8), (1,4), (7,10), (7,10), (3,2), (8,9), (2,3)
Cerrados = (3,8), (3,7), (3,6), (4,8), (5,8), (2,6), (5,9), (3,5), (6,8), (4,9), (2,7), (3,9), (2,8), (2,5), (6,9), (3,4), (4,4), (5,4), (7,8), (7,7), (7,6), (5,10), (1,6), (1,7), (4,10), (1,8), (2,9), (3,10), (7,5), (5,3), (6,4), (8,6), (8,7), (4,3), (1,5), (7,9), (8,8), (2,4), (3,3), (6,10)
------------------------
Iteración 41
-----------
Abiertos = (2,10), (1,9), (1,9), (7,4), (8,7), (8,5), (6,3), (6,3), (7,4), (5,2), (9,6), (4,3), (8,5), (8,8), (4,2), (3,3), (9,7), (1,4), (8,9), (7,10), (8,9), (2,3), (9,8), (7,10), (2,3), (1,4), (3,2), (1,10)
Cerrados = (3,8), (3,7), (3,6), (4,8), (5,8), (2,6), (5,9), (3,5), (6,8), (4,9), (2,7), (3,9), (2,8), (2,5), (6,9), (3,4), (4,4), (5,4), (7,8), (7,7), (7,6), (5,10), (1,6), (1,7), (4,10), (1,8), (2,9), (3,10), (7,5), (5,3), (6,4), (8,6), (8,7), (4,3), (1,5), (7,9), (8,8), (2,4), (3,3), (6,10), (2,10)
------------------------
Iteración 42
-----------
Abiertos = (1,9), (7,4), (8,7), (8,5), (6,3), (6,3), (5,2), (7,4), (9,6), (4,3), (8,5), (8,8), (3,3), (4,2), (9,7), (8,9), (2,3), (7,10), (8,9), (1,4), (9,8), (7,10), (3,2), (2,3), (1,4), (1,10), (1,10)
Cerrados = (3,8), (3,7), (3,6), (4,8), (5,8), (2,6), (5,9), (3,5), (6,8), (4,9), (2,7), (3,9), (2,8), (2,5), (6,9), (3,4), (4,4), (5,4), (7,8), (7,7), (7,6), (5,10), (1,6), (1,7), (4,10), (1,8), (2,9), (3,10), (7,5), (5,3), (6,4), (8,6), (8,7), (4,3), (1,5), (7,9), (8,8), (2,4), (3,3), (6,10), (2,10), (1,9)
------------------------
Iteración 43
-----------
Abiertos = (8,7), (8,5), (6,3), (6,3), (5,2), (7,4), (9,6), (4,3), (8,5), (8,8), (3,3), (9,7), (4,2), (8,9), (8,9), (1,4), (7,10), (2,3), (3,2), (2,3), (1,4), (7,10), (9,8), (1,10), (1,10), (7,3), (8,4)
Cerrados = (3,8), (3,7), (3,6), (4,8), (5,8), (2,6), (5,9), (3,5), (6,8), (4,9), (2,7), (3,9), (2,8), (2,5), (6,9), (3,4), (4,4), (5,4), (7,8), (7,7), (7,6), (5,10), (1,6), (1,7), (4,10), (1,8), (2,9), (3,10), (7,5), (5,3), (6,4), (8,6), (8,7), (4,3), (1,5), (7,9), (8,8), (2,4), (3,3), (6,10), (2,10), (1,9), (7,4)
------------------------
Iteración 44
-----------
Abiertos = (6,3), (6,3), (5,2), (7,4), (9,6), (4,3), (8,5), (8,8), (3,3), (9,7), (4,2), (8,9), (2,3), (2,3), (3,2), (1,4), (8,9), (7,10), (1,4), (9,8), (7,10), (1,10), (1,10), (7,3), (8,4), (9,5), (8,4)
Cerrados = (3,8), (3,7), (3,6), (4,8), (5,8), (2,6), (5,9), (3,5), (6,8), (4,9), (2,7), (3,9), (2,8), (2,5), (6,9), (3,4), (4,4), (5,4), (7,8), (7,7), (7,6), (5,10), (1,6), (1,7), (4,10), (1,8), (2,9), (3,10), (7,5), (5,3), (6,4), (8,6), (8,7), (4,3), (1,5), (7,9), (8,8), (2,4), (3,3), (6,10), (2,10), (1,9), (7,4), (8,5)
------------------------
Iteración 45
-----------
Abiertos = (6,3), (5,2), (7,4), (9,6), (4,3), (8,5), (8,8), (3,3), (9,7), (4,2), (8,9), (1,4), (8,9), (7,10), (2,3), (2,3), (3,2), (1,4), (9,8), (7,10), (1,10), (1,10), (6,2), (8,4), (9,5), (7,3), (8,4), (7,3)
Cerrados = (3,8), (3,7), (3,6), (4,8), (5,8), (2,6), (5,9), (3,5), (6,8), (4,9), (2,7), (3,9), (2,8), (2,5), (6,9), (3,4), (4,4), (5,4), (7,8), (7,7), (7,6), (5,10), (1,6), (1,7), (4,10), (1,8), (2,9), (3,10), (7,5), (5,3), (6,4), (8,6), (8,7), (4,3), (1,5), (7,9), (8,8), (2,4), (3,3), (6,10), (2,10), (1,9), (7,4), (8,5), (6,3)
------------------------
Iteración 46
-----------
Abiertos = (7,4), (9,6), (4,3), (8,5), (8,8), (3,3), (9,7), (4,2), (8,9), (1,4), (8,9), (7,10), (2,3), (1,4), (9,8), (7,10), (3,2), (2,3), (1,10), (1,10), (6,2), (9,5), (4,2), (8,4), (7,3), (7,3), (5,1), (8,4), (6,2)
Cerrados = (3,8), (3,7), (3,6), (4,8), (5,8), (2,6), (5,9), (3,5), (6,8), (4,9), (2,7), (3,9), (2,8), (2,5), (6,9), (3,4), (4,4), (5,4), (7,8), (7,7), (7,6), (5,10), (1,6), (1,7), (4,10), (1,8), (2,9), (3,10), (7,5), (5,3), (6,4), (8,6), (8,7), (4,3), (1,5), (7,9), (8,8), (2,4), (3,3), (6,10), (2,10), (1,9), (7,4), (8,5), (6,3), (5,2)
------------------------
Iteración 47
-----------
Abiertos = (4,3), (8,5), (8,8), (3,3), (9,7), (4,2), (8,9), (1,4), (8,9), (7,10), (2,3), (1,4), (9,8), (7,10), (2,3), (3,2), (1,10), (1,10), (6,2), (9,5), (7,3), (9,5), (8,4), (9,7), (8,4), (7,3), (10,6), (5,1), (4,2), (6,2)
Cerrados = (3,8), (3,7), (3,6), (4,8), (5,8), (2,6), (5,9), (3,5), (6,8), (4,9), (2,7), (3,9), (2,8), (2,5), (6,9), (3,4), (4,4), (5,4), (7,8), (7,7), (7,6), (5,10), (1,6), (1,7), (4,10), (1,8), (2,9), (3,10), (7,5), (5,3), (6,4), (8,6), (8,7), (4,3), (1,5), (7,9), (8,8), (2,4), (3,3), (6,10), (2,10), (1,9), (7,4), (8,5), (6,3), (5,2), (9,6)
------------------------
Iteración 48
-----------
Abiertos = (4,2), (8,9), (1,4), (8,9), (7,10), (2,3), (1,4), (9,8), (7,10), (2,3), (3,2), (1,10), (1,10), (6,2), (9,5), (10,6), (7,3), (9,5), (7,3), (9,7), (8,4), (5,1), (4,2), (8,4), (6,2), (10,7), (9,8)
Cerrados = (3,8), (3,7), (3,6), (4,8), (5,8), (2,6), (5,9), (3,5), (6,8), (4,9), (2,7), (3,9), (2,8), (2,5), (6,9), (3,4), (4,4), (5,4), (7,8), (7,7), (7,6), (5,10), (1,6), (1,7), (4,10), (1,8), (2,9), (3,10), (7,5), (5,3), (6,4), (8,6), (8,7), (4,3), (1,5), (7,9), (8,8), (2,4), (3,3), (6,10), (2,10), (1,9), (7,4), (8,5), (6,3), (5,2), (9,6), (9,7)
------------------------
Iteración 49
-----------
Abiertos = (8,9), (1,4), (8,9), (7,10), (2,3), (1,4), (9,8), (7,10), (2,3), (3,2), (1,10), (1,10), (6,2), (9,5), (5,1), (7,3), (9,5), (4,2), (8,4), (10,6), (9,7), (7,3), (8,4), (6,2), (3,2), (9,8), (10,7), (4,1)
Cerrados = (3,8), (3,7), (3,6), (4,8), (5,8), (2,6), (5,9), (3,5), (6,8), (4,9), (2,7), (3,9), (2,8), (2,5), (6,9), (3,4), (4,4), (5,4), (7,8), (7,7), (7,6), (5,10), (1,6), (1,7), (4,10), (1,8), (2,9), (3,10), (7,5), (5,3), (6,4), (8,6), (8,7), (4,3), (1,5), (7,9), (8,8), (2,4), (3,3), (6,10), (2,10), (1,9), (7,4), (8,5), (6,3), (5,2), (9,6), (9,7), (4,2)
------------------------
Iteración 50
-----------
Abiertos = (1,4), (8,9), (7,10), (2,3), (1,4), (9,8), (7,10), (2,3), (3,2), (1,10), (1,10), (6,2), (9,5), (7,3), (9,5), (8,4), (4,2), (8,4), (10,6), (9,7), (6,2), (5,1), (7,3), (3,2), (9,8), (4,1), (10,7), (8,10), (9,9)
Cerrados = (3,8), (3,7), (3,6), (4,8), (5,8), (2,6), (5,9), (3,5), (6,8), (4,9), (2,7), (3,9), (2,8), (2,5), (6,9), (3,4), (4,4), (5,4), (7,8), (7,7), (7,6), (5,10), (1,6), (1,7), (4,10), (1,8), (2,9), (3,10), (7,5), (5,3), (6,4), (8,6), (8,7), (4,3), (1,5), (7,9), (8,8), (2,4), (3,3), (6,10), (2,10), (1,9), (7,4), (8,5), (6,3), (5,2), (9,6), (9,7), (4,2), (8,9)
------------------------
Iteración 51
-----------
Abiertos = (8,9), (7,10), (2,3), (1,4), (9,8), (7,10), (2,3), (3,2), (1,10), (1,10), (6,2), (9,5), (5,1), (10,6), (7,3), (9,5), (4,2), (8,4), (9,7), (6,2), (8,4), (7,3), (3,2), (9,8), (10,7), (4,1), (9,9), (8,10), (1,3)
Cerrados = (3,8), (3,7), (3,6), (4,8), (5,8), (2,6), (5,9), (3,5), (6,8), (4,9), (2,7), (3,9), (2,8), (2,5), (6,9), (3,4), (4,4), (5,4), (7,8), (7,7), (7,6), (5,10), (1,6), (1,7), (4,10), (1,8), (2,9), (3,10), (7,5), (5,3), (6,4), (8,6), (8,7), (4,3), (1,5), (7,9), (8,8), (2,4), (3,3), (6,10), (2,10), (1,9), (7,4), (8,5), (6,3), (5,2), (9,6), (9,7), (4,2), (8,9), (1,4)
------------------------
Iteración 52
-----------
Abiertos = (2,3), (1,4), (9,8), (7,10), (2,3), (3,2), (1,10), (1,10), (6,2), (9,5), (7,3), (9,5), (10,6), (8,4), (4,2), (8,4), (5,1), (9,7), (6,2), (7,3), (3,2), (10,7), (9,8), (4,1), (8,10), (1,3), (9,9), (8,10)
Cerrados = (3,8), (3,7), (3,6), (4,8), (5,8), (2,6), (5,9), (3,5), (6,8), (4,9), (2,7), (3,9), (2,8), (2,5), (6,9), (3,4), (4,4), (5,4), (7,8), (7,7), (7,6), (5,10), (1,6), (1,7), (4,10), (1,8), (2,9), (3,10), (7,5), (5,3), (6,4), (8,6), (8,7), (4,3), (1,5), (7,9), (8,8), (2,4), (3,3), (6,10), (2,10), (1,9), (7,4), (8,5), (6,3), (5,2), (9,6), (9,7), (4,2), (8,9), (1,4), (7,10)
------------------------
Iteración 53
-----------
Abiertos = (1,4), (9,8), (7,10), (2,3), (3,2), (1,10), (1,10), (6,2), (9,5), (7,3), (8,4), (7,3), (9,5), (10,6), (4,2), (8,4), (5,1), (9,7), (6,2), (3,2), (9,8), (4,1), (10,7), (9,9), (1,3), (2,2), (8,10), (1,3), (8,10)
Cerrados = (3,8), (3,7), (3,6), (4,8), (5,8), (2,6), (5,9), (3,5), (6,8), (4,9), (2,7), (3,9), (2,8), (2,5), (6,9), (3,4), (4,4), (5,4), (7,8), (7,7), (7,6), (5,10), (1,6), (1,7), (4,10), (1,8), (2,9), (3,10), (7,5), (5,3), (6,4), (8,6), (8,7), (4,3), (1,5), (7,9), (8,8), (2,4), (3,3), (6,10), (2,10), (1,9), (7,4), (8,5), (6,3), (5,2), (9,6), (9,7), (4,2), (8,9), (1,4), (7,10), (2,3)
------------------------
Iteración 54
-----------
Abiertos = (7,10), (2,3), (3,2), (1,10), (1,10), (6,2), (9,5), (7,3), (8,4), (7,3), (9,5), (10,6), (4,2), (8,4), (5,1), (9,7), (6,2), (3,2), (4,1), (9,8), (10,7), (9,9), (2,2), (1,3), (9,9), (8,10), (1,3), (10,8), (8,10)
Cerrados = (3,8), (3,7), (3,6), (4,8), (5,8), (2,6), (5,9), (3,5), (6,8), (4,9), (2,7), (3,9), (2,8), (2,5), (6,9), (3,4), (4,4), (5,4), (7,8), (7,7), (7,6), (5,10), (1,6), (1,7), (4,10), (1,8), (2,9), (3,10), (7,5), (5,3), (6,4), (8,6), (8,7), (4,3), (1,5), (7,9), (8,8), (2,4), (3,3), (6,10), (2,10), (1,9), (7,4), (8,5), (6,3), (5,2), (9,6), (9,7), (4,2), (8,9), (1,4), (7,10), (2,3), (9,8)
------------------------
Iteración 55
-----------
Abiertos = (1,10), (1,10), (6,2), (9,5), (7,3), (9,5), (7,3), (8,4), (4,2), (8,4), (5,1), (9,7), (10,6), (6,2), (3,2), (4,1), (9,8), (10,7), (2,2), (1,3), (1,3), (9,9), (2,2), (3,1), (8,10), (10,8), (9,9), (8,10)
Cerrados = (3,8), (3,7), (3,6), (4,8), (5,8), (2,6), (5,9), (3,5), (6,8), (4,9), (2,7), (3,9), (2,8), (2,5), (6,9), (3,4), (4,4), (5,4), (7,8), (7,7), (7,6), (5,10), (1,6), (1,7), (4,10), (1,8), (2,9), (3,10), (7,5), (5,3), (6,4), (8,6), (8,7), (4,3), (1,5), (7,9), (8,8), (2,4), (3,3), (6,10), (2,10), (1,9), (7,4), (8,5), (6,3), (5,2), (9,6), (9,7), (4,2), (8,9), (1,4), (7,10), (2,3), (9,8), (3,2)
------------------------
Iteración 56
-----------
Abiertos = (1,10), (6,2), (9,5), (7,3), (9,5), (7,3), (8,4), (4,2), (8,4), (5,1), (9,7), (10,6), (6,2), (3,2), (4,1), (9,8), (10,7), (2,2), (1,3), (1,3), (9,9), (2,2), (3,1), (8,10), (10,8), (9,9), (8,10)
Cerrados = (3,8), (3,7), (3,6), (4,8), (5,8), (2,6), (5,9), (3,5), (6,8), (4,9), (2,7), (3,9), (2,8), (2,5), (6,9), (3,4), (4,4), (5,4), (7,8), (7,7), (7,6), (5,10), (1,6), (1,7), (4,10), (1,8), (2,9), (3,10), (7,5), (5,3), (6,4), (8,6), (8,7), (4,3), (1,5), (7,9), (8,8), (2,4), (3,3), (6,10), (2,10), (1,9), (7,4), (8,5), (6,3), (5,2), (9,6), (9,7), (4,2), (8,9), (1,4), (7,10), (2,3), (9,8), (3,2), (1,10)
------------------------
Iteración 57
-----------
Abiertos = (9,5), (7,3), (9,5), (7,3), (8,4), (4,2), (8,4), (5,1), (9,7), (10,6), (6,2), (3,2), (4,1), (9,8), (10,7), (3,1), (1,3), (2,2), (9,9), (1,3), (10,8), (8,10), (2,2), (9,9), (8,10), (7,2), (6,1)
Cerrados = (3,8), (3,7), (3,6), (4,8), (5,8), (2,6), (5,9), (3,5), (6,8), (4,9), (2,7), (3,9), (2,8), (2,5), (6,9), (3,4), (4,4), (5,4), (7,8), (7,7), (7,6), (5,10), (1,6), (1,7), (4,10), (1,8), (2,9), (3,10), (7,5), (5,3), (6,4), (8,6), (8,7), (4,3), (1,5), (7,9), (8,8), (2,4), (3,3), (6,10), (2,10), (1,9), (7,4), (8,5), (6,3), (5,2), (9,6), (9,7), (4,2), (8,9), (1,4), (7,10), (2,3), (9,8), (3,2), (1,10), (6,2)
------------------------
Iteración 58
-----------
Abiertos = (7,3), (9,5), (7,3), (8,4), (4,2), (8,4), (5,1), (9,7), (10,6), (6,2), (3,2), (4,1), (9,8), (10,7), (3,1), (1,3), (10,8), (2,2), (1,3), (2,2), (9,9), (8,10), (8,10), (9,9), (9,4), (10,5), (7,2), (6,1)
Cerrados = (3,8), (3,7), (3,6), (4,8), (5,8), (2,6), (5,9), (3,5), (6,8), (4,9), (2,7), (3,9), (2,8), (2,5), (6,9), (3,4), (4,4), (5,4), (7,8), (7,7), (7,6), (5,10), (1,6), (1,7), (4,10), (1,8), (2,9), (3,10), (7,5), (5,3), (6,4), (8,6), (8,7), (4,3), (1,5), (7,9), (8,8), (2,4), (3,3), (6,10), (2,10), (1,9), (7,4), (8,5), (6,3), (5,2), (9,6), (9,7), (4,2), (8,9), (1,4), (7,10), (2,3), (9,8), (3,2), (1,10), (6,2), (9,5)
------------------------
Iteración 59
-----------
Abiertos = (9,5), (7,3), (8,4), (4,2), (8,4), (5,1), (9,7), (10,6), (6,2), (3,2), (4,1), (9,8), (10,7), (3,1), (10,8), (2,2), (1,3), (1,3), (2,2), (9,9), (8,10), (9,9), (8,10), (7,2), (9,4), (10,5), (6,1), (7,2), (8,3)
Cerrados = (3,8), (3,7), (3,6), (4,8), (5,8), (2,6), (5,9), (3,5), (6,8), (4,9), (2,7), (3,9), (2,8), (2,5), (6,9), (3,4), (4,4), (5,4), (7,8), (7,7), (7,6), (5,10), (1,6), (1,7), (4,10), (1,8), (2,9), (3,10), (7,5), (5,3), (6,4), (8,6), (8,7), (4,3), (1,5), (7,9), (8,8), (2,4), (3,3), (6,10), (2,10), (1,9), (7,4), (8,5), (6,3), (5,2), (9,6), (9,7), (4,2), (8,9), (1,4), (7,10), (2,3), (9,8), (3,2), (1,10), (6,2), (9,5), (7,3)
------------------------
Iteración 60
-----------
Abiertos = (4,2), (8,4), (5,1), (9,7), (10,6), (6,2), (3,2), (4,1), (9,8), (10,7), (3,1), (1,3), (2,2), (9,9), (10,8), (2,2), (1,3), (8,10), (9,9), (8,10), (7,2), (9,4), (7,2), (9,4), (6,1), (10,5), (8,3), (8,3)
Cerrados = (3,8), (3,7), (3,6), (4,8), (5,8), (2,6), (5,9), (3,5), (6,8), (4,9), (2,7), (3,9), (2,8), (2,5), (6,9), (3,4), (4,4), (5,4), (7,8), (7,7), (7,6), (5,10), (1,6), (1,7), (4,10), (1,8), (2,9), (3,10), (7,5), (5,3), (6,4), (8,6), (8,7), (4,3), (1,5), (7,9), (8,8), (2,4), (3,3), (6,10), (2,10), (1,9), (7,4), (8,5), (6,3), (5,2), (9,6), (9,7), (4,2), (8,9), (1,4), (7,10), (2,3), (9,8), (3,2), (1,10), (6,2), (9,5), (7,3), (8,4)
------------------------
Iteración 61
-----------
Abiertos = (9,7), (10,6), (6,2), (3,2), (4,1), (9,8), (10,7), (3,1), (1,3), (2,2), (9,9), (8,10), (9,9), (10,8), (2,2), (1,3), (8,10), (10,5), (6,1), (7,2), (9,4), (6,1), (9,4), (7,2), (4,1), (8,3), (8,3)
Cerrados = (3,8), (3,7), (3,6), (4,8), (5,8), (2,6), (5,9), (3,5), (6,8), (4,9), (2,7), (3,9), (2,8), (2,5), (6,9), (3,4), (4,4), (5,4), (7,8), (7,7), (7,6), (5,10), (1,6), (1,7), (4,10), (1,8), (2,9), (3,10), (7,5), (5,3), (6,4), (8,6), (8,7), (4,3), (1,5), (7,9), (8,8), (2,4), (3,3), (6,10), (2,10), (1,9), (7,4), (8,5), (6,3), (5,2), (9,6), (9,7), (4,2), (8,9), (1,4), (7,10), (2,3), (9,8), (3,2), (1,10), (6,2), (9,5), (7,3), (8,4), (5,1)
------------------------
Iteración 62
-----------
Abiertos = (6,2), (3,2), (4,1), (9,8), (10,7), (3,1), (1,3), (2,2), (9,9), (8,10), (9,9), (10,8), (8,10), (2,2), (1,3), (11,6), (10,7), (7,2), (10,5), (10,5), (7,2), (8,3), (9,4), (9,4), (6,1), (6,1), (8,3), (4,1)
Cerrados = (3,8), (3,7), (3,6), (4,8), (5,8), (2,6), (5,9), (3,5), (6,8), (4,9), (2,7), (3,9), (2,8), (2,5), (6,9), (3,4), (4,4), (5,4), (7,8), (7,7), (7,6), (5,10), (1,6), (1,7), (4,10), (1,8), (2,9), (3,10), (7,5), (5,3), (6,4), (8,6), (8,7), (4,3), (1,5), (7,9), (8,8), (2,4), (3,3), (6,10), (2,10), (1,9), (7,4), (8,5), (6,3), (5,2), (9,6), (9,7), (4,2), (8,9), (1,4), (7,10), (2,3), (9,8), (3,2), (1,10), (6,2), (9,5), (7,3), (8,4), (5,1), (10,6)
------------------------
Iteración 63
-----------
Abiertos = (9,8), (10,7), (3,1), (1,3), (2,2), (9,9), (8,10), (9,9), (10,8), (8,10), (2,2), (1,3), (11,6), (7,2), (10,7), (9,4), (10,5), (10,5), (7,2), (8,3), (6,1), (9,4), (8,3), (4,1), (6,1), (3,1)
Cerrados = (3,8), (3,7), (3,6), (4,8), (5,8), (2,6), (5,9), (3,5), (6,8), (4,9), (2,7), (3,9), (2,8), (2,5), (6,9), (3,4), (4,4), (5,4), (7,8), (7,7), (7,6), (5,10), (1,6), (1,7), (4,10), (1,8), (2,9), (3,10), (7,5), (5,3), (6,4), (8,6), (8,7), (4,3), (1,5), (7,9), (8,8), (2,4), (3,3), (6,10), (2,10), (1,9), (7,4), (8,5), (6,3), (5,2), (9,6), (9,7), (4,2), (8,9), (1,4), (7,10), (2,3), (9,8), (3,2), (1,10), (6,2), (9,5), (7,3), (8,4), (5,1), (10,6), (4,1)
------------------------
Iteración 64
-----------
Abiertos = (3,1), (1,3), (2,2), (9,9), (8,10), (9,9), (10,8), (8,10), (2,2), (1,3), (11,6), (7,2), (10,7), (9,4), (9,4), (10,5), (10,5), (8,3), (6,1), (8,3), (7,2), (6,1), (4,1), (11,7), (3,1), (10,8)
Cerrados = (3,8), (3,7), (3,6), (4,8), (5,8), (2,6), (5,9), (3,5), (6,8), (4,9), (2,7), (3,9), (2,8), (2,5), (6,9), (3,4), (4,4), (5,4), (7,8), (7,7), (7,6), (5,10), (1,6), (1,7), (4,10), (1,8), (2,9), (3,10), (7,5), (5,3), (6,4), (8,6), (8,7), (4,3), (1,5), (7,9), (8,8), (2,4), (3,3), (6,10), (2,10), (1,9), (7,4), (8,5), (6,3), (5,2), (9,6), (9,7), (4,2), (8,9), (1,4), (7,10), (2,3), (9,8), (3,2), (1,10), (6,2), (9,5), (7,3), (8,4), (5,1), (10,6), (4,1), (10,7)
------------------------
Iteración 65
-----------
Abiertos = (1,3), (2,2), (9,9), (8,10), (9,9), (10,8), (8,10), (2,2), (1,3), (11,6), (7,2), (10,7), (9,4), (10,5), (10,5), (8,3), (6,1), (9,4), (8,3), (4,1), (6,1), (7,2), (3,1), (10,8), (11,7), (2,1)
Cerrados = (3,8), (3,7), (3,6), (4,8), (5,8), (2,6), (5,9), (3,5), (6,8), (4,9), (2,7), (3,9), (2,8), (2,5), (6,9), (3,4), (4,4), (5,4), (7,8), (7,7), (7,6), (5,10), (1,6), (1,7), (4,10), (1,8), (2,9), (3,10), (7,5), (5,3), (6,4), (8,6), (8,7), (4,3), (1,5), (7,9), (8,8), (2,4), (3,3), (6,10), (2,10), (1,9), (7,4), (8,5), (6,3), (5,2), (9,6), (9,7), (4,2), (8,9), (1,4), (7,10), (2,3), (9,8), (3,2), (1,10), (6,2), (9,5), (7,3), (8,4), (5,1), (10,6), (4,1), (10,7), (3,1)
------------------------
Iteración 66
-----------
Abiertos = (2,2), (9,9), (8,10), (9,9), (10,8), (8,10), (2,2), (1,3), (11,6), (7,2), (10,7), (9,4), (10,5), (6,1), (10,5), (8,3), (6,1), (9,4), (8,3), (4,1), (7,2), (3,1), (11,7), (10,8), (2,1), (1,2)
Cerrados = (3,8), (3,7), (3,6), (4,8), (5,8), (2,6), (5,9), (3,5), (6,8), (4,9), (2,7), (3,9), (2,8), (2,5), (6,9), (3,4), (4,4), (5,4), (7,8), (7,7), (7,6), (5,10), (1,6), (1,7), (4,10), (1,8), (2,9), (3,10), (7,5), (5,3), (6,4), (8,6), (8,7), (4,3), (1,5), (7,9), (8,8), (2,4), (3,3), (6,10), (2,10), (1,9), (7,4), (8,5), (6,3), (5,2), (9,6), (9,7), (4,2), (8,9), (1,4), (7,10), (2,3), (9,8), (3,2), (1,10), (6,2), (9,5), (7,3), (8,4), (5,1), (10,6), (4,1), (10,7), (3,1), (1,3)
------------------------
Iteración 67
-----------
Abiertos = (9,9), (8,10), (9,9), (10,8), (8,10), (2,2), (1,3), (11,6), (7,2), (10,7), (9,4), (9,4), (10,5), (10,5), (8,3), (6,1), (6,1), (8,3), (4,1), (7,2), (3,1), (11,7), (10,8), (2,1), (1,2), (2,1), (1,2)
Cerrados = (3,8), (3,7), (3,6), (4,8), (5,8), (2,6), (5,9), (3,5), (6,8), (4,9), (2,7), (3,9), (2,8), (2,5), (6,9), (3,4), (4,4), (5,4), (7,8), (7,7), (7,6), (5,10), (1,6), (1,7), (4,10), (1,8), (2,9), (3,10), (7,5), (5,3), (6,4), (8,6), (8,7), (4,3), (1,5), (7,9), (8,8), (2,4), (3,3), (6,10), (2,10), (1,9), (7,4), (8,5), (6,3), (5,2), (9,6), (9,7), (4,2), (8,9), (1,4), (7,10), (2,3), (9,8), (3,2), (1,10), (6,2), (9,5), (7,3), (8,4), (5,1), (10,6), (4,1), (10,7), (3,1), (1,3), (2,2)
------------------------
Iteración 68
-----------
Abiertos = (8,10), (9,9), (10,8), (8,10), (2,2), (1,3), (11,6), (7,2), (10,7), (7,2), (9,4), (10,5), (9,4), (10,5), (8,3), (6,1), (6,1), (8,3), (4,1), (3,1), (11,7), (10,8), (2,1), (1,2), (2,1), (10,9), (9,10), (1,2)
Cerrados = (3,8), (3,7), (3,6), (4,8), (5,8), (2,6), (5,9), (3,5), (6,8), (4,9), (2,7), (3,9), (2,8), (2,5), (6,9), (3,4), (4,4), (5,4), (7,8), (7,7), (7,6), (5,10), (1,6), (1,7), (4,10), (1,8), (2,9), (3,10), (7,5), (5,3), (6,4), (8,6), (8,7), (4,3), (1,5), (7,9), (8,8), (2,4), (3,3), (6,10), (2,10), (1,9), (7,4), (8,5), (6,3), (5,2), (9,6), (9,7), (4,2), (8,9), (1,4), (7,10), (2,3), (9,8), (3,2), (1,10), (6,2), (9,5), (7,3), (8,4), (5,1), (10,6), (4,1), (10,7), (3,1), (1,3), (2,2), (9,9)
------------------------
Iteración 69
-----------
Abiertos = (9,9), (10,8), (8,10), (2,2), (1,3), (11,6), (7,2), (10,7), (7,2), (9,4), (10,5), (10,5), (9,4), (8,3), (6,1), (6,1), (8,3), (4,1), (3,1), (10,8), (11,7), (2,1), (1,2), (9,10), (10,9), (2,1), (9,10), (1,2)
Cerrados = (3,8), (3,7), (3,6), (4,8), (5,8), (2,6), (5,9), (3,5), (6,8), (4,9), (2,7), (3,9), (2,8), (2,5), (6,9), (3,4), (4,4), (5,4), (7,8), (7,7), (7,6), (5,10), (1,6), (1,7), (4,10), (1,8), (2,9), (3,10), (7,5), (5,3), (6,4), (8,6), (8,7), (4,3), (1,5), (7,9), (8,8), (2,4), (3,3), (6,10), (2,10), (1,9), (7,4), (8,5), (6,3), (5,2), (9,6), (9,7), (4,2), (8,9), (1,4), (7,10), (2,3), (9,8), (3,2), (1,10), (6,2), (9,5), (7,3), (8,4), (5,1), (10,6), (4,1), (10,7), (3,1), (1,3), (2,2), (9,9), (8,10)
------------------------
Iteración 70
-----------
Abiertos = (8,10), (2,2), (1,3), (11,6), (7,2), (10,7), (9,4), (10,5), (7,2), (10,5), (9,4), (8,3), (6,1), (6,1), (8,3), (4,1), (3,1), (10,8), (11,7), (2,1), (2,1), (9,10), (11,8), (10,9), (10,9), (9,10), (1,2), (1,2)
Cerrados = (3,8), (3,7), (3,6), (4,8), (5,8), (2,6), (5,9), (3,5), (6,8), (4,9), (2,7), (3,9), (2,8), (2,5), (6,9), (3,4), (4,4), (5,4), (7,8), (7,7), (7,6), (5,10), (1,6), (1,7), (4,10), (1,8), (2,9), (3,10), (7,5), (5,3), (6,4), (8,6), (8,7), (4,3), (1,5), (7,9), (8,8), (2,4), (3,3), (6,10), (2,10), (1,9), (7,4), (8,5), (6,3), (5,2), (9,6), (9,7), (4,2), (8,9), (1,4), (7,10), (2,3), (9,8), (3,2), (1,10), (6,2), (9,5), (7,3), (8,4), (5,1), (10,6), (4,1), (10,7), (3,1), (1,3), (2,2), (9,9), (8,10), (10,8)
------------------------
Iteración 71
-----------
Abiertos = (7,2), (10,7), (9,4), (10,5), (10,5), (7,2), (8,3), (6,1), (6,1), (8,3), (9,4), (4,1), (3,1), (10,8), (11,7), (2,1), (10,9), (2,1), (11,8), (9,10), (10,9), (1,2), (9,10), (1,2), (11,5), (11,7)
Cerrados = (3,8), (3,7), (3,6), (4,8), (5,8), (2,6), (5,9), (3,5), (6,8), (4,9), (2,7), (3,9), (2,8), (2,5), (6,9), (3,4), (4,4), (5,4), (7,8), (7,7), (7,6), (5,10), (1,6), (1,7), (4,10), (1,8), (2,9), (3,10), (7,5), (5,3), (6,4), (8,6), (8,7), (4,3), (1,5), (7,9), (8,8), (2,4), (3,3), (6,10), (2,10), (1,9), (7,4), (8,5), (6,3), (5,2), (9,6), (9,7), (4,2), (8,9), (1,4), (7,10), (2,3), (9,8), (3,2), (1,10), (6,2), (9,5), (7,3), (8,4), (5,1), (10,6), (4,1), (10,7), (3,1), (1,3), (2,2), (9,9), (8,10), (10,8), (11,6)
------------------------
Iteración 72
-----------
Abiertos = (10,7), (9,4), (10,5), (10,5), (7,2), (8,3), (6,1), (6,1), (8,3), (9,4), (4,1), (3,1), (10,8), (11,7), (2,1), (9,10), (9,10), (10,9), (11,8), (2,1), (1,2), (10,9), (1,2), (7,1), (11,7), (8,2), (11,5)
Cerrados = (3,8), (3,7), (3,6), (4,8), (5,8), (2,6), (5,9), (3,5), (6,8), (4,9), (2,7), (3,9), (2,8), (2,5), (6,9), (3,4), (4,4), (5,4), (7,8), (7,7), (7,6), (5,10), (1,6), (1,7), (4,10), (1,8), (2,9), (3,10), (7,5), (5,3), (6,4), (8,6), (8,7), (4,3), (1,5), (7,9), (8,8), (2,4), (3,3), (6,10), (2,10), (1,9), (7,4), (8,5), (6,3), (5,2), (9,6), (9,7), (4,2), (8,9), (1,4), (7,10), (2,3), (9,8), (3,2), (1,10), (6,2), (9,5), (7,3), (8,4), (5,1), (10,6), (4,1), (10,7), (3,1), (1,3), (2,2), (9,9), (8,10), (10,8), (11,6), (7,2)
------------------------
Iteración 73
-----------
Abiertos = (10,5), (10,5), (7,2), (8,3), (6,1), (6,1), (8,3), (9,4), (4,1), (3,1), (10,8), (11,7), (2,1), (1,2), (9,10), (2,1), (10,9), (9,10), (1,2), (11,8), (10,9), (7,1), (11,7), (10,4), (11,5), (8,2), (9,3)
Cerrados = (3,8), (3,7), (3,6), (4,8), (5,8), (2,6), (5,9), (3,5), (6,8), (4,9), (2,7), (3,9), (2,8), (2,5), (6,9), (3,4), (4,4), (5,4), (7,8), (7,7), (7,6), (5,10), (1,6), (1,7), (4,10), (1,8), (2,9), (3,10), (7,5), (5,3), (6,4), (8,6), (8,7), (4,3), (1,5), (7,9), (8,8), (2,4), (3,3), (6,10), (2,10), (1,9), (7,4), (8,5), (6,3), (5,2), (9,6), (9,7), (4,2), (8,9), (1,4), (7,10), (2,3), (9,8), (3,2), (1,10), (6,2), (9,5), (7,3), (8,4), (5,1), (10,6), (4,1), (10,7), (3,1), (1,3), (2,2), (9,9), (8,10), (10,8), (11,6), (7,2), (9,4)
------------------------
Iteración 74
-----------
Abiertos = (10,5), (7,2), (8,3), (6,1), (6,1), (8,3), (9,4), (4,1), (3,1), (10,8), (11,7), (2,1), (1,2), (9,10), (9,10), (2,1), (10,9), (1,2), (11,8), (10,9), (11,5), (8,2), (10,4), (11,7), (11,5), (7,1), (10,4), (9,3)
Cerrados = (3,8), (3,7), (3,6), (4,8), (5,8), (2,6), (5,9), (3,5), (6,8), (4,9), (2,7), (3,9), (2,8), (2,5), (6,9), (3,4), (4,4), (5,4), (7,8), (7,7), (7,6), (5,10), (1,6), (1,7), (4,10), (1,8), (2,9), (3,10), (7,5), (5,3), (6,4), (8,6), (8,7), (4,3), (1,5), (7,9), (8,8), (2,4), (3,3), (6,10), (2,10), (1,9), (7,4), (8,5), (6,3), (5,2), (9,6), (9,7), (4,2), (8,9), (1,4), (7,10), (2,3), (9,8), (3,2), (1,10), (6,2), (9,5), (7,3), (8,4), (5,1), (10,6), (4,1), (10,7), (3,1), (1,3), (2,2), (9,9), (8,10), (10,8), (11,6), (7,2), (9,4), (10,5)
------------------------
Iteración 75
-----------
Abiertos = (6,1), (6,1), (8,3), (9,4), (4,1), (3,1), (10,8), (11,7), (2,1), (2,1), (10,9), (1,2), (11,8), (1,2), (9,10), (9,10), (10,9), (11,5), (8,2), (11,5), (9,3), (9,3), (11,7), (10,4), (7,1), (8,2), (10,4)
Cerrados = (3,8), (3,7), (3,6), (4,8), (5,8), (2,6), (5,9), (3,5), (6,8), (4,9), (2,7), (3,9), (2,8), (2,5), (6,9), (3,4), (4,4), (5,4), (7,8), (7,7), (7,6), (5,10), (1,6), (1,7), (4,10), (1,8), (2,9), (3,10), (7,5), (5,3), (6,4), (8,6), (8,7), (4,3), (1,5), (7,9), (8,8), (2,4), (3,3), (6,10), (2,10), (1,9), (7,4), (8,5), (6,3), (5,2), (9,6), (9,7), (4,2), (8,9), (1,4), (7,10), (2,3), (9,8), (3,2), (1,10), (6,2), (9,5), (7,3), (8,4), (5,1), (10,6), (4,1), (10,7), (3,1), (1,3), (2,2), (9,9), (8,10), (10,8), (11,6), (7,2), (9,4), (10,5), (8,3)
------------------------
Iteración 76
-----------
Abiertos = (6,1), (8,3), (9,4), (4,1), (3,1), (10,8), (11,7), (2,1), (2,1), (10,9), (1,2), (11,8), (1,2), (10,9), (9,10), (9,10), (11,5), (10,4), (11,5), (9,3), (9,3), (8,2), (11,7), (7,1), (10,4), (7,1), (8,2)
Cerrados = (3,8), (3,7), (3,6), (4,8), (5,8), (2,6), (5,9), (3,5), (6,8), (4,9), (2,7), (3,9), (2,8), (2,5), (6,9), (3,4), (4,4), (5,4), (7,8), (7,7), (7,6), (5,10), (1,6), (1,7), (4,10), (1,8), (2,9), (3,10), (7,5), (5,3), (6,4), (8,6), (8,7), (4,3), (1,5), (7,9), (8,8), (2,4), (3,3), (6,10), (2,10), (1,9), (7,4), (8,5), (6,3), (5,2), (9,6), (9,7), (4,2), (8,9), (1,4), (7,10), (2,3), (9,8), (3,2), (1,10), (6,2), (9,5), (7,3), (8,4), (5,1), (10,6), (4,1), (10,7), (3,1), (1,3), (2,2), (9,9), (8,10), (10,8), (11,6), (7,2), (9,4), (10,5), (8,3), (6,1)
------------------------
Iteración 77
-----------
Abiertos = (2,1), (2,1), (10,9), (1,2), (11,8), (1,2), (10,9), (9,10), (9,10), (11,5), (10,4), (9,3), (11,5), (11,7), (8,2), (7,1), (8,2), (7,1), (10,4), (9,3), (11,8)
Cerrados = (3,8), (3,7), (3,6), (4,8), (5,8), (2,6), (5,9), (3,5), (6,8), (4,9), (2,7), (3,9), (2,8), (2,5), (6,9), (3,4), (4,4), (5,4), (7,8), (7,7), (7,6), (5,10), (1,6), (1,7), (4,10), (1,8), (2,9), (3,10), (7,5), (5,3), (6,4), (8,6), (8,7), (4,3), (1,5), (7,9), (8,8), (2,4), (3,3), (6,10), (2,10), (1,9), (7,4), (8,5), (6,3), (5,2), (9,6), (9,7), (4,2), (8,9), (1,4), (7,10), (2,3), (9,8), (3,2), (1,10), (6,2), (9,5), (7,3), (8,4), (5,1), (10,6), (4,1), (10,7), (3,1), (1,3), (2,2), (9,9), (8,10), (10,8), (11,6), (7,2), (9,4), (10,5), (8,3), (6,1), (11,7)
------------------------
Iteración 78
-----------
Abiertos = (2,1), (10,9), (1,2), (11,8), (1,2), (10,9), (9,10), (9,10), (11,5), (10,4), (8,2), (9,3), (11,5), (11,7), (7,1), (10,4), (7,1), (9,3), (8,2), (11,8), (1,1)
Cerrados = (3,8), (3,7), (3,6), (4,8), (5,8), (2,6), (5,9), (3,5), (6,8), (4,9), (2,7), (3,9), (2,8), (2,5), (6,9), (3,4), (4,4), (5,4), (7,8), (7,7), (7,6), (5,10), (1,6), (1,7), (4,10), (1,8), (2,9), (3,10), (7,5), (5,3), (6,4), (8,6), (8,7), (4,3), (1,5), (7,9), (8,8), (2,4), (3,3), (6,10), (2,10), (1,9), (7,4), (8,5), (6,3), (5,2), (9,6), (9,7), (4,2), (8,9), (1,4), (7,10), (2,3), (9,8), (3,2), (1,10), (6,2), (9,5), (7,3), (8,4), (5,1), (10,6), (4,1), (10,7), (3,1), (1,3), (2,2), (9,9), (8,10), (10,8), (11,6), (7,2), (9,4), (10,5), (8,3), (6,1), (11,7), (2,1)
------------------------
Iteración 79
-----------
Abiertos = (1,2), (11,8), (1,2), (10,9), (9,10), (9,10), (11,5), (10,4), (7,1), (8,2), (11,7), (11,5), (9,3), (7,1), (9,3), (8,2), (10,4), (11,8), (11,9), (1,1), (10,10)
Cerrados = (3,8), (3,7), (3,6), (4,8), (5,8), (2,6), (5,9), (3,5), (6,8), (4,9), (2,7), (3,9), (2,8), (2,5), (6,9), (3,4), (4,4), (5,4), (7,8), (7,7), (7,6), (5,10), (1,6), (1,7), (4,10), (1,8), (2,9), (3,10), (7,5), (5,3), (6,4), (8,6), (8,7), (4,3), (1,5), (7,9), (8,8), (2,4), (3,3), (6,10), (2,10), (1,9), (7,4), (8,5), (6,3), (5,2), (9,6), (9,7), (4,2), (8,9), (1,4), (7,10), (2,3), (9,8), (3,2), (1,10), (6,2), (9,5), (7,3), (8,4), (5,1), (10,6), (4,1), (10,7), (3,1), (1,3), (2,2), (9,9), (8,10), (10,8), (11,6), (7,2), (9,4), (10,5), (8,3), (6,1), (11,7), (2,1), (10,9)
------------------------
Iteración 80
-----------
Abiertos = (11,8), (1,2), (10,9), (9,10), (9,10), (11,5), (10,4), (7,1), (8,2), (11,7), (9,3), (11,5), (7,1), (9,3), (8,2), (10,4), (11,8), (10,10), (1,1), (1,1), (11,9)
Cerrados = (3,8), (3,7), (3,6), (4,8), (5,8), (2,6), (5,9), (3,5), (6,8), (4,9), (2,7), (3,9), (2,8), (2,5), (6,9), (3,4), (4,4), (5,4), (7,8), (7,7), (7,6), (5,10), (1,6), (1,7), (4,10), (1,8), (2,9), (3,10), (7,5), (5,3), (6,4), (8,6), (8,7), (4,3), (1,5), (7,9), (8,8), (2,4), (3,3), (6,10), (2,10), (1,9), (7,4), (8,5), (6,3), (5,2), (9,6), (9,7), (4,2), (8,9), (1,4), (7,10), (2,3), (9,8), (3,2), (1,10), (6,2), (9,5), (7,3), (8,4), (5,1), (10,6), (4,1), (10,7), (3,1), (1,3), (2,2), (9,9), (8,10), (10,8), (11,6), (7,2), (9,4), (10,5), (8,3), (6,1), (11,7), (2,1), (10,9), (1,2)
------------------------
Iteración 81
-----------
Abiertos = (1,2), (10,9), (9,10), (9,10), (11,5), (10,4), (7,1), (8,2), (11,7), (9,3), (11,5), (7,1), (9,3), (8,2), (10,4), (11,8), (1,1), (11,9), (1,1), (10,10), (11,9)
Cerrados = (3,8), (3,7), (3,6), (4,8), (5,8), (2,6), (5,9), (3,5), (6,8), (4,9), (2,7), (3,9), (2,8), (2,5), (6,9), (3,4), (4,4), (5,4), (7,8), (7,7), (7,6), (5,10), (1,6), (1,7), (4,10), (1,8), (2,9), (3,10), (7,5), (5,3), (6,4), (8,6), (8,7), (4,3), (1,5), (7,9), (8,8), (2,4), (3,3), (6,10), (2,10), (1,9), (7,4), (8,5), (6,3), (5,2), (9,6), (9,7), (4,2), (8,9), (1,4), (7,10), (2,3), (9,8), (3,2), (1,10), (6,2), (9,5), (7,3), (8,4), (5,1), (10,6), (4,1), (10,7), (3,1), (1,3), (2,2), (9,9), (8,10), (10,8), (11,6), (7,2), (9,4), (10,5), (8,3), (6,1), (11,7), (2,1), (10,9), (1,2), (11,8)
------------------------
Iteración 82
-----------
Abiertos = (9,10), (11,5), (10,4), (7,1), (8,2), (11,7), (9,3), (11,5), (7,1), (9,3), (8,2), (10,4), (11,8), (10,10), (1,1), (1,1), (11,9), (10,10), (11,9)
Cerrados = (3,8), (3,7), (3,6), (4,8), (5,8), (2,6), (5,9), (3,5), (6,8), (4,9), (2,7), (3,9), (2,8), (2,5), (6,9), (3,4), (4,4), (5,4), (7,8), (7,7), (7,6), (5,10), (1,6), (1,7), (4,10), (1,8), (2,9), (3,10), (7,5), (5,3), (6,4), (8,6), (8,7), (4,3), (1,5), (7,9), (8,8), (2,4), (3,3), (6,10), (2,10), (1,9), (7,4), (8,5), (6,3), (5,2), (9,6), (9,7), (4,2), (8,9), (1,4), (7,10), (2,3), (9,8), (3,2), (1,10), (6,2), (9,5), (7,3), (8,4), (5,1), (10,6), (4,1), (10,7), (3,1), (1,3), (2,2), (9,9), (8,10), (10,8), (11,6), (7,2), (9,4), (10,5), (8,3), (6,1), (11,7), (2,1), (10,9), (1,2), (11,8), (9,10)
------------------------
Iteración 83
-----------
Abiertos = (10,4), (7,1), (8,2), (11,7), (9,3), (11,5), (7,1), (9,3), (8,2), (10,4), (11,8), (10,10), (1,1), (11,9), (11,9), (10,10), (1,1), (11,4)
Cerrados = (3,8), (3,7), (3,6), (4,8), (5,8), (2,6), (5,9), (3,5), (6,8), (4,9), (2,7), (3,9), (2,8), (2,5), (6,9), (3,4), (4,4), (5,4), (7,8), (7,7), (7,6), (5,10), (1,6), (1,7), (4,10), (1,8), (2,9), (3,10), (7,5), (5,3), (6,4), (8,6), (8,7), (4,3), (1,5), (7,9), (8,8), (2,4), (3,3), (6,10), (2,10), (1,9), (7,4), (8,5), (6,3), (5,2), (9,6), (9,7), (4,2), (8,9), (1,4), (7,10), (2,3), (9,8), (3,2), (1,10), (6,2), (9,5), (7,3), (8,4), (5,1), (10,6), (4,1), (10,7), (3,1), (1,3), (2,2), (9,9), (8,10), (10,8), (11,6), (7,2), (9,4), (10,5), (8,3), (6,1), (11,7), (2,1), (10,9), (1,2), (11,8), (9,10), (11,5)
------------------------
Iteración 84
-----------
Abiertos = (7,1), (8,2), (11,7), (9,3), (11,5), (7,1), (9,3), (8,2), (10,4), (11,8), (10,10), (1,1), (11,9), (11,9), (10,10), (1,1), (11,4), (11,4), (10,3)
Cerrados = (3,8), (3,7), (3,6), (4,8), (5,8), (2,6), (5,9), (3,5), (6,8), (4,9), (2,7), (3,9), (2,8), (2,5), (6,9), (3,4), (4,4), (5,4), (7,8), (7,7), (7,6), (5,10), (1,6), (1,7), (4,10), (1,8), (2,9), (3,10), (7,5), (5,3), (6,4), (8,6), (8,7), (4,3), (1,5), (7,9), (8,8), (2,4), (3,3), (6,10), (2,10), (1,9), (7,4), (8,5), (6,3), (5,2), (9,6), (9,7), (4,2), (8,9), (1,4), (7,10), (2,3), (9,8), (3,2), (1,10), (6,2), (9,5), (7,3), (8,4), (5,1), (10,6), (4,1), (10,7), (3,1), (1,3), (2,2), (9,9), (8,10), (10,8), (11,6), (7,2), (9,4), (10,5), (8,3), (6,1), (11,7), (2,1), (10,9), (1,2), (11,8), (9,10), (11,5), (10,4)
------------------------
Iteración 85
-----------
Abiertos = (8,2), (11,7), (9,3), (11,5), (7,1), (9,3), (8,2), (10,4), (11,8), (10,10), (1,1), (1,1), (10,10), (11,9), (11,9), (10,3), (11,4), (11,4), (8,1)
Cerrados = (3,8), (3,7), (3,6), (4,8), (5,8), (2,6), (5,9), (3,5), (6,8), (4,9), (2,7), (3,9), (2,8), (2,5), (6,9), (3,4), (4,4), (5,4), (7,8), (7,7), (7,6), (5,10), (1,6), (1,7), (4,10), (1,8), (2,9), (3,10), (7,5), (5,3), (6,4), (8,6), (8,7), (4,3), (1,5), (7,9), (8,8), (2,4), (3,3), (6,10), (2,10), (1,9), (7,4), (8,5), (6,3), (5,2), (9,6), (9,7), (4,2), (8,9), (1,4), (7,10), (2,3), (9,8), (3,2), (1,10), (6,2), (9,5), (7,3), (8,4), (5,1), (10,6), (4,1), (10,7), (3,1), (1,3), (2,2), (9,9), (8,10), (10,8), (11,6), (7,2), (9,4), (10,5), (8,3), (6,1), (11,7), (2,1), (10,9), (1,2), (11,8), (9,10), (11,5), (10,4), (7,1)
------------------------
Iteración 86
-----------
Abiertos = (11,7), (9,3), (11,5), (7,1), (9,3), (8,2), (10,4), (11,8), (10,10), (1,1), (10,10), (11,9), (1,1), (11,9), (9,2), (11,4), (8,1), (8,1), (10,3), (11,4)
Cerrados = (3,8), (3,7), (3,6), (4,8), (5,8), (2,6), (5,9), (3,5), (6,8), (4,9), (2,7), (3,9), (2,8), (2,5), (6,9), (3,4), (4,4), (5,4), (7,8), (7,7), (7,6), (5,10), (1,6), (1,7), (4,10), (1,8), (2,9), (3,10), (7,5), (5,3), (6,4), (8,6), (8,7), (4,3), (1,5), (7,9), (8,8), (2,4), (3,3), (6,10), (2,10), (1,9), (7,4), (8,5), (6,3), (5,2), (9,6), (9,7), (4,2), (8,9), (1,4), (7,10), (2,3), (9,8), (3,2), (1,10), (6,2), (9,5), (7,3), (8,4), (5,1), (10,6), (4,1), (10,7), (3,1), (1,3), (2,2), (9,9), (8,10), (10,8), (11,6), (7,2), (9,4), (10,5), (8,3), (6,1), (11,7), (2,1), (10,9), (1,2), (11,8), (9,10), (11,5), (10,4), (7,1), (8,2)
------------------------
Iteración 87
-----------
Abiertos = (11,5), (7,1), (9,3), (8,2), (10,4), (11,8), (10,10), (1,1), (10,10), (1,1), (11,9), (11,9), (8,1), (11,4), (9,2), (11,4), (8,1), (9,2), (10,3), (10,3)
Cerrados = (3,8), (3,7), (3,6), (4,8), (5,8), (2,6), (5,9), (3,5), (6,8), (4,9), (2,7), (3,9), (2,8), (2,5), (6,9), (3,4), (4,4), (5,4), (7,8), (7,7), (7,6), (5,10), (1,6), (1,7), (4,10), (1,8), (2,9), (3,10), (7,5), (5,3), (6,4), (8,6), (8,7), (4,3), (1,5), (7,9), (8,8), (2,4), (3,3), (6,10), (2,10), (1,9), (7,4), (8,5), (6,3), (5,2), (9,6), (9,7), (4,2), (8,9), (1,4), (7,10), (2,3), (9,8), (3,2), (1,10), (6,2), (9,5), (7,3), (8,4), (5,1), (10,6), (4,1), (10,7), (3,1), (1,3), (2,2), (9,9), (8,10), (10,8), (11,6), (7,2), (9,4), (10,5), (8,3), (6,1), (11,7), (2,1), (10,9), (1,2), (11,8), (9,10), (11,5), (10,4), (7,1), (8,2), (9,3)
------------------------
Iteración 88
-----------
Abiertos = (1,1), (10,10), (1,1), (11,9), (11,9), (8,1), (11,4), (11,4), (8,1), (9,2), (10,3), (10,3), (9,2), (11,10)
Cerrados = (3,8), (3,7), (3,6), (4,8), (5,8), (2,6), (5,9), (3,5), (6,8), (4,9), (2,7), (3,9), (2,8), (2,5), (6,9), (3,4), (4,4), (5,4), (7,8), (7,7), (7,6), (5,10), (1,6), (1,7), (4,10), (1,8), (2,9), (3,10), (7,5), (5,3), (6,4), (8,6), (8,7), (4,3), (1,5), (7,9), (8,8), (2,4), (3,3), (6,10), (2,10), (1,9), (7,4), (8,5), (6,3), (5,2), (9,6), (9,7), (4,2), (8,9), (1,4), (7,10), (2,3), (9,8), (3,2), (1,10), (6,2), (9,5), (7,3), (8,4), (5,1), (10,6), (4,1), (10,7), (3,1), (1,3), (2,2), (9,9), (8,10), (10,8), (11,6), (7,2), (9,4), (10,5), (8,3), (6,1), (11,7), (2,1), (10,9), (1,2), (11,8), (9,10), (11,5), (10,4), (7,1), (8,2), (9,3), (10,10)
------------------------
Iteración 89
-----------
Abiertos = (10,10), (1,1), (11,9), (11,9), (8,1), (11,4), (11,4), (8,1), (9,2), (10,3), (10,3), (9,2), (11,10)
Cerrados = (3,8), (3,7), (3,6), (4,8), (5,8), (2,6), (5,9), (3,5), (6,8), (4,9), (2,7), (3,9), (2,8), (2,5), (6,9), (3,4), (4,4), (5,4), (7,8), (7,7), (7,6), (5,10), (1,6), (1,7), (4,10), (1,8), (2,9), (3,10), (7,5), (5,3), (6,4), (8,6), (8,7), (4,3), (1,5), (7,9), (8,8), (2,4), (3,3), (6,10), (2,10), (1,9), (7,4), (8,5), (6,3), (5,2), (9,6), (9,7), (4,2), (8,9), (1,4), (7,10), (2,3), (9,8), (3,2), (1,10), (6,2), (9,5), (7,3), (8,4), (5,1), (10,6), (4,1), (10,7), (3,1), (1,3), (2,2), (9,9), (8,10), (10,8), (11,6), (7,2), (9,4), (10,5), (8,3), (6,1), (11,7), (2,1), (10,9), (1,2), (11,8), (9,10), (11,5), (10,4), (7,1), (8,2), (9,3), (10,10), (1,1)
------------------------
Iteración 90
-----------
Abiertos = (11,9), (8,1), (11,4), (11,4), (8,1), (9,2), (10,3), (9,2), (10,3), (11,10), (11,10)
Cerrados = (3,8), (3,7), (3,6), (4,8), (5,8), (2,6), (5,9), (3,5), (6,8), (4,9), (2,7), (3,9), (2,8), (2,5), (6,9), (3,4), (4,4), (5,4), (7,8), (7,7), (7,6), (5,10), (1,6), (1,7), (4,10), (1,8), (2,9), (3,10), (7,5), (5,3), (6,4), (8,6), (8,7), (4,3), (1,5), (7,9), (8,8), (2,4), (3,3), (6,10), (2,10), (1,9), (7,4), (8,5), (6,3), (5,2), (9,6), (9,7), (4,2), (8,9), (1,4), (7,10), (2,3), (9,8), (3,2), (1,10), (6,2), (9,5), (7,3), (8,4), (5,1), (10,6), (4,1), (10,7), (3,1), (1,3), (2,2), (9,9), (8,10), (10,8), (11,6), (7,2), (9,4), (10,5), (8,3), (6,1), (11,7), (2,1), (10,9), (1,2), (11,8), (9,10), (11,5), (10,4), (7,1), (8,2), (9,3), (10,10), (1,1), (11,9)
------------------------
Iteración 91
-----------
Abiertos = (11,4), (11,4), (10,3), (9,2), (8,1), (9,2), (10,3), (11,10), (11,10), (9,1)
Cerrados = (3,8), (3,7), (3,6), (4,8), (5,8), (2,6), (5,9), (3,5), (6,8), (4,9), (2,7), (3,9), (2,8), (2,5), (6,9), (3,4), (4,4), (5,4), (7,8), (7,7), (7,6), (5,10), (1,6), (1,7), (4,10), (1,8), (2,9), (3,10), (7,5), (5,3), (6,4), (8,6), (8,7), (4,3), (1,5), (7,9), (8,8), (2,4), (3,3), (6,10), (2,10), (1,9), (7,4), (8,5), (6,3), (5,2), (9,6), (9,7), (4,2), (8,9), (1,4), (7,10), (2,3), (9,8), (3,2), (1,10), (6,2), (9,5), (7,3), (8,4), (5,1), (10,6), (4,1), (10,7), (3,1), (1,3), (2,2), (9,9), (8,10), (10,8), (11,6), (7,2), (9,4), (10,5), (8,3), (6,1), (11,7), (2,1), (10,9), (1,2), (11,8), (9,10), (11,5), (10,4), (7,1), (8,2), (9,3), (10,10), (1,1), (11,9), (8,1)
------------------------
Iteración 92
-----------
Abiertos = (11,4), (10,3), (9,2), (10,3), (9,2), (8,1), (11,10), (11,10), (9,1), (11,3)
Cerrados = (3,8), (3,7), (3,6), (4,8), (5,8), (2,6), (5,9), (3,5), (6,8), (4,9), (2,7), (3,9), (2,8), (2,5), (6,9), (3,4), (4,4), (5,4), (7,8), (7,7), (7,6), (5,10), (1,6), (1,7), (4,10), (1,8), (2,9), (3,10), (7,5), (5,3), (6,4), (8,6), (8,7), (4,3), (1,5), (7,9), (8,8), (2,4), (3,3), (6,10), (2,10), (1,9), (7,4), (8,5), (6,3), (5,2), (9,6), (9,7), (4,2), (8,9), (1,4), (7,10), (2,3), (9,8), (3,2), (1,10), (6,2), (9,5), (7,3), (8,4), (5,1), (10,6), (4,1), (10,7), (3,1), (1,3), (2,2), (9,9), (8,10), (10,8), (11,6), (7,2), (9,4), (10,5), (8,3), (6,1), (11,7), (2,1), (10,9), (1,2), (11,8), (9,10), (11,5), (10,4), (7,1), (8,2), (9,3), (10,10), (1,1), (11,9), (8,1), (11,4)
------------------------
Iteración 93
-----------
Abiertos = (9,2), (10,3), (9,2), (8,1), (11,10), (11,10), (9,1), (10,2), (11,3), (11,3)
Cerrados = (3,8), (3,7), (3,6), (4,8), (5,8), (2,6), (5,9), (3,5), (6,8), (4,9), (2,7), (3,9), (2,8), (2,5), (6,9), (3,4), (4,4), (5,4), (7,8), (7,7), (7,6), (5,10), (1,6), (1,7), (4,10), (1,8), (2,9), (3,10), (7,5), (5,3), (6,4), (8,6), (8,7), (4,3), (1,5), (7,9), (8,8), (2,4), (3,3), (6,10), (2,10), (1,9), (7,4), (8,5), (6,3), (5,2), (9,6), (9,7), (4,2), (8,9), (1,4), (7,10), (2,3), (9,8), (3,2), (1,10), (6,2), (9,5), (7,3), (8,4), (5,1), (10,6), (4,1), (10,7), (3,1), (1,3), (2,2), (9,9), (8,10), (10,8), (11,6), (7,2), (9,4), (10,5), (8,3), (6,1), (11,7), (2,1), (10,9), (1,2), (11,8), (9,10), (11,5), (10,4), (7,1), (8,2), (9,3), (10,10), (1,1), (11,9), (8,1), (11,4), (10,3)
------------------------
Iteración 94
-----------
Abiertos = (10,3), (9,2), (8,1), (11,10), (11,10), (9,1), (10,2), (11,3), (9,1), (11,3), (10,2)
Cerrados = (3,8), (3,7), (3,6), (4,8), (5,8), (2,6), (5,9), (3,5), (6,8), (4,9), (2,7), (3,9), (2,8), (2,5), (6,9), (3,4), (4,4), (5,4), (7,8), (7,7), (7,6), (5,10), (1,6), (1,7), (4,10), (1,8), (2,9), (3,10), (7,5), (5,3), (6,4), (8,6), (8,7), (4,3), (1,5), (7,9), (8,8), (2,4), (3,3), (6,10), (2,10), (1,9), (7,4), (8,5), (6,3), (5,2), (9,6), (9,7), (4,2), (8,9), (1,4), (7,10), (2,3), (9,8), (3,2), (1,10), (6,2), (9,5), (7,3), (8,4), (5,1), (10,6), (4,1), (10,7), (3,1), (1,3), (2,2), (9,9), (8,10), (10,8), (11,6), (7,2), (9,4), (10,5), (8,3), (6,1), (11,7), (2,1), (10,9), (1,2), (11,8), (9,10), (11,5), (10,4), (7,1), (8,2), (9,3), (10,10), (1,1), (11,9), (8,1), (11,4), (10,3), (9,2)
------------------------
Iteración 95
-----------
Abiertos = (11,10), (9,1), (10,2), (11,3), (9,1), (11,3), (10,2)
Cerrados = (3,8), (3,7), (3,6), (4,8), (5,8), (2,6), (5,9), (3,5), (6,8), (4,9), (2,7), (3,9), (2,8), (2,5), (6,9), (3,4), (4,4), (5,4), (7,8), (7,7), (7,6), (5,10), (1,6), (1,7), (4,10), (1,8), (2,9), (3,10), (7,5), (5,3), (6,4), (8,6), (8,7), (4,3), (1,5), (7,9), (8,8), (2,4), (3,3), (6,10), (2,10), (1,9), (7,4), (8,5), (6,3), (5,2), (9,6), (9,7), (4,2), (8,9), (1,4), (7,10), (2,3), (9,8), (3,2), (1,10), (6,2), (9,5), (7,3), (8,4), (5,1), (10,6), (4,1), (10,7), (3,1), (1,3), (2,2), (9,9), (8,10), (10,8), (11,6), (7,2), (9,4), (10,5), (8,3), (6,1), (11,7), (2,1), (10,9), (1,2), (11,8), (9,10), (11,5), (10,4), (7,1), (8,2), (9,3), (10,10), (1,1), (11,9), (8,1), (11,4), (10,3), (9,2), (11,10)
------------------------
Iteración 96
-----------
Abiertos = (10,2), (11,3), (11,3), (10,2), (9,1), (10,1)
Cerrados = (3,8), (3,7), (3,6), (4,8), (5,8), (2,6), (5,9), (3,5), (6,8), (4,9), (2,7), (3,9), (2,8), (2,5), (6,9), (3,4), (4,4), (5,4), (7,8), (7,7), (7,6), (5,10), (1,6), (1,7), (4,10), (1,8), (2,9), (3,10), (7,5), (5,3), (6,4), (8,6), (8,7), (4,3), (1,5), (7,9), (8,8), (2,4), (3,3), (6,10), (2,10), (1,9), (7,4), (8,5), (6,3), (5,2), (9,6), (9,7), (4,2), (8,9), (1,4), (7,10), (2,3), (9,8), (3,2), (1,10), (6,2), (9,5), (7,3), (8,4), (5,1), (10,6), (4,1), (10,7), (3,1), (1,3), (2,2), (9,9), (8,10), (10,8), (11,6), (7,2), (9,4), (10,5), (8,3), (6,1), (11,7), (2,1), (10,9), (1,2), (11,8), (9,10), (11,5), (10,4), (7,1), (8,2), (9,3), (10,10), (1,1), (11,9), (8,1), (11,4), (10,3), (9,2), (11,10), (9,1)
------------------------
Iteración 97
-----------
Abiertos = (11,3), (11,3), (9,1), (10,2), (10,1), (10,1), (11,2)
Cerrados = (3,8), (3,7), (3,6), (4,8), (5,8), (2,6), (5,9), (3,5), (6,8), (4,9), (2,7), (3,9), (2,8), (2,5), (6,9), (3,4), (4,4), (5,4), (7,8), (7,7), (7,6), (5,10), (1,6), (1,7), (4,10), (1,8), (2,9), (3,10), (7,5), (5,3), (6,4), (8,6), (8,7), (4,3), (1,5), (7,9), (8,8), (2,4), (3,3), (6,10), (2,10), (1,9), (7,4), (8,5), (6,3), (5,2), (9,6), (9,7), (4,2), (8,9), (1,4), (7,10), (2,3), (9,8), (3,2), (1,10), (6,2), (9,5), (7,3), (8,4), (5,1), (10,6), (4,1), (10,7), (3,1), (1,3), (2,2), (9,9), (8,10), (10,8), (11,6), (7,2), (9,4), (10,5), (8,3), (6,1), (11,7), (2,1), (10,9), (1,2), (11,8), (9,10), (11,5), (10,4), (7,1), (8,2), (9,3), (10,10), (1,1), (11,9), (8,1), (11,4), (10,3), (9,2), (11,10), (9,1), (10,2)
------------------------
Iteración 98
-----------
Abiertos = (11,3), (9,1), (10,2), (10,1), (10,1), (11,2), (11,2)
Cerrados = (3,8), (3,7), (3,6), (4,8), (5,8), (2,6), (5,9), (3,5), (6,8), (4,9), (2,7), (3,9), (2,8), (2,5), (6,9), (3,4), (4,4), (5,4), (7,8), (7,7), (7,6), (5,10), (1,6), (1,7), (4,10), (1,8), (2,9), (3,10), (7,5), (5,3), (6,4), (8,6), (8,7), (4,3), (1,5), (7,9), (8,8), (2,4), (3,3), (6,10), (2,10), (1,9), (7,4), (8,5), (6,3), (5,2), (9,6), (9,7), (4,2), (8,9), (1,4), (7,10), (2,3), (9,8), (3,2), (1,10), (6,2), (9,5), (7,3), (8,4), (5,1), (10,6), (4,1), (10,7), (3,1), (1,3), (2,2), (9,9), (8,10), (10,8), (11,6), (7,2), (9,4), (10,5), (8,3), (6,1), (11,7), (2,1), (10,9), (1,2), (11,8), (9,10), (11,5), (10,4), (7,1), (8,2), (9,3), (10,10), (1,1), (11,9), (8,1), (11,4), (10,3), (9,2), (11,10), (9,1), (10,2), (11,3)
------------------------
Iteración 99
-----------
Abiertos = (10,1), (11,2), (11,2), (11,1)
Cerrados = (3,8), (3,7), (3,6), (4,8), (5,8), (2,6), (5,9), (3,5), (6,8), (4,9), (2,7), (3,9), (2,8), (2,5), (6,9), (3,4), (4,4), (5,4), (7,8), (7,7), (7,6), (5,10), (1,6), (1,7), (4,10), (1,8), (2,9), (3,10), (7,5), (5,3), (6,4), (8,6), (8,7), (4,3), (1,5), (7,9), (8,8), (2,4), (3,3), (6,10), (2,10), (1,9), (7,4), (8,5), (6,3), (5,2), (9,6), (9,7), (4,2), (8,9), (1,4), (7,10), (2,3), (9,8), (3,2), (1,10), (6,2), (9,5), (7,3), (8,4), (5,1), (10,6), (4,1), (10,7), (3,1), (1,3), (2,2), (9,9), (8,10), (10,8), (11,6), (7,2), (9,4), (10,5), (8,3), (6,1), (11,7), (2,1), (10,9), (1,2), (11,8), (9,10), (11,5), (10,4), (7,1), (8,2), (9,3), (10,10), (1,1), (11,9), (8,1), (11,4), (10,3), (9,2), (11,10), (9,1), (10,2), (11,3), (10,1)
------------------------
Iteración 100
-----------
Abiertos = (11,2), (11,1), (11,1)
Cerrados = (3,8), (3,7), (3,6), (4,8), (5,8), (2,6), (5,9), (3,5), (6,8), (4,9), (2,7), (3,9), (2,8), (2,5), (6,9), (3,4), (4,4), (5,4), (7,8), (7,7), (7,6), (5,10), (1,6), (1,7), (4,10), (1,8), (2,9), (3,10), (7,5), (5,3), (6,4), (8,6), (8,7), (4,3), (1,5), (7,9), (8,8), (2,4), (3,3), (6,10), (2,10), (1,9), (7,4), (8,5), (6,3), (5,2), (9,6), (9,7), (4,2), (8,9), (1,4), (7,10), (2,3), (9,8), (3,2), (1,10), (6,2), (9,5), (7,3), (8,4), (5,1), (10,6), (4,1), (10,7), (3,1), (1,3), (2,2), (9,9), (8,10), (10,8), (11,6), (7,2), (9,4), (10,5), (8,3), (6,1), (11,7), (2,1), (10,9), (1,2), (11,8), (9,10), (11,5), (10,4), (7,1), (8,2), (9,3), (10,10), (1,1), (11,9), (8,1), (11,4), (10,3), (9,2), (11,10), (9,1), (10,2), (11,3), (10,1), (11,2)
------------------------
Iteración 101
-----------
Abiertos = (11,1)
Cerrados = (3,8), (3,7), (3,6), (4,8), (5,8), (2,6), (5,9), (3,5), (6,8), (4,9), (2,7), (3,9), (2,8), (2,5), (6,9), (3,4), (4,4), (5,4), (7,8), (7,7), (7,6), (5,10), (1,6), (1,7), (4,10), (1,8), (2,9), (3,10), (7,5), (5,3), (6,4), (8,6), (8,7), (4,3), (1,5), (7,9), (8,8), (2,4), (3,3), (6,10), (2,10), (1,9), (7,4), (8,5), (6,3), (5,2), (9,6), (9,7), (4,2), (8,9), (1,4), (7,10), (2,3), (9,8), (3,2), (1,10), (6,2), (9,5), (7,3), (8,4), (5,1), (10,6), (4,1), (10,7), (3,1), (1,3), (2,2), (9,9), (8,10), (10,8), (11,6), (7,2), (9,4), (10,5), (8,3), (6,1), (11,7), (2,1), (10,9), (1,2), (11,8), (9,10), (11,5), (10,4), (7,1), (8,2), (9,3), (10,10), (1,1), (11,9), (8,1), (11,4), (10,3), (9,2), (11,10), (9,1), (10,2), (11,3), (10,1), (11,2), (11,1)
------------------------
No se ha encontrado ningún camino al destino.
